#                        X                         Y                         Z                         r                  orient-x                  orient-y                  orient-z                 ChebOrder              FourierOrder
 -3.100612349951900331e-01 -2.143323229250152403e+00  9.511528090670791869e-01  1.493976856336544980e-02  1.656762260387887215e-03  1.472454680102114441e-02 -1.907759168242930249e-03                        10                         8
 -2.876063409698048005e-01 -2.147990911118869889e+00  9.260895901276043442e-01  1.494689013543714661e-02  1.050064056853636593e-03  1.485736262840939900e-02 -1.251265729282201897e-03
 -2.380910041835234484e-01 -2.152696946296668209e+00  8.757651936416922691e-01  1.495920557438312996e-02  2.154649102474533081e-04  1.495069827250136707e-02 -4.561002671913321296e-04
 -1.581232992535658827e-01 -2.152382852288449911e+00  8.068588860542855642e-01  1.497351203934980448e-02 -5.046898302650424734e-04  1.496467660017546217e-02  9.902131054249907732e-05
 -5.314322241188391520e-02 -2.145687477576706509e+00  7.381595352129999342e-01  1.498640264309213224e-02 -1.029296941382592751e-03  1.494621954611340836e-02  3.785938017411115820e-04
  5.996508614546229720e-02 -2.134873460896859707e+00  6.945518468579115939e-01  1.499536744285492385e-02 -1.506647042844294332e-03  1.491161375586139365e-02  4.845973901366187257e-04
  1.594496560273227048e-01 -2.122569939246786515e+00  6.915239799116173191e-01  1.499952131102468355e-02 -2.217556418731689814e-03  1.483071514777973177e-02  3.434694965238295939e-04
  2.301481330175959391e-01 -2.110099011774532209e+00  7.237925451314479780e-01  1.499969683984532600e-02 -3.039715202844613966e-03  1.468536979444910523e-02 -3.015804588215749947e-04
  2.699555193069213986e-01 -2.098962740589575130e+00  7.685199422935755719e-01  1.499788801447859245e-02 -3.545333592736848441e-03  1.453209341670297122e-02 -1.088813822134165649e-03
  2.862047361187381071e-01 -2.092057933804380620e+00  7.992195589198223319e-01  1.499628364623092664e-02 -3.751400729421941417e-03  1.443586648195247630e-02 -1.556044562583828181e-03
  2.897838362830284266e-01 -2.090157096510982254e+00  8.078171287066928209e-01  1.499580311424912813e-02 -1.108781945541023741e-03  1.468962418484421511e-02 -2.803507614864999956e-03                        10                         8
  3.015283190433906644e-01 -2.082051865617166717e+00  8.445742041945638401e-01  1.499363400919019557e-02 -1.146625859478710282e-03  1.465500843877453685e-02 -2.953817462093194133e-03
  3.130952047005092616e-01 -2.063256850579493969e+00  9.271775141075094984e-01  1.498826660173288224e-02 -1.166335243196616551e-03  1.455554357093489745e-02 -3.379933309950748936e-03
  3.040600295346030766e-01 -2.027890850548890707e+00  1.065444147202801719e+00  1.497822040852753421e-02 -1.042944099304806695e-03  1.435119861136937170e-02 -4.159621693037220992e-03
  2.541592776350872416e-01 -1.967326873008261408e+00  1.257067574432681532e+00  1.496248015341027987e-02 -6.691814049725577419e-04  1.399887644016418033e-02 -5.240178145965241154e-03
  1.555188476217182214e-01 -1.874736710942998446e+00  1.479658780704000681e+00  1.494136315452210627e-02 -1.901073033996153146e-05  1.346111882046668862e-02 -6.483999661375703175e-03
  2.060643034931019335e-02 -1.753065440847532121e+00  1.696575308690327529e+00  1.491695437073824076e-02  8.365886712191913229e-04  1.274218107081312825e-02 -7.710542695069265515e-03
 -1.213589223967748606e-01 -1.620298553870849157e+00  1.873616399273712882e+00  1.489288756032976442e-02  1.735929115551911682e-03  1.193241119582772098e-02 -8.740835946526479558e-03
 -2.371316914845188588e-01 -1.505888017250139261e+00  1.992394609439158068e+00  1.487350615541623731e-02  2.476028921629811237e-03  1.121149876933087014e-02 -9.454774533522721652e-03
 -3.013523311577207781e-01 -1.439564594588219730e+00  2.050238191664555231e+00  1.486267923266633243e-02  2.888301696880353925e-03  1.078359251579998849e-02 -9.811782699087440726e-03
 -3.180148386827114409e-01 -1.421992855050899698e+00  2.064388197364792253e+00  1.485985175313087609e-02  5.090957157890139967e-03 -5.392435832802616692e-03  1.287707207134681955e-02                        10                         8
 -3.844562057697418896e-01 -1.350341296159587750e+00  2.117465376591747585e+00  1.484847532843228135e-02  4.650350830501818583e-03 -4.908489344738838208e-03  1.321961380241111592e-02
 -5.141102266075565000e-01 -1.202536709264015780e+00  2.206385015077838995e+00  1.482563134103017868e-02  3.814963595259225962e-03 -3.917392114006761831e-03  1.378040044599940965e-02
 -6.948806093175079276e-01 -9.755622719130545014e-01  2.299333706911307805e+00  1.479161855922371979e-02  2.702153118912160553e-03 -2.425622589224615388e-03  1.433899240456483915e-02
 -9.008733546928959357e-01 -6.776731450149949370e-01  2.359546929366514382e+00  1.474785233442380233e-02  1.520454026032949039e-03 -5.478167588177210211e-04  1.465903355721134295e-02
 -1.096268171432362898e+00 -3.358431306369164233e-01  2.361968667992822901e+00  1.469746505130938671e-02  5.095170435079360988e-04  1.457920084264225182e-03  1.461609867046383755e-02
 -1.249208163137377390e+00  6.579501561586725822e-03  2.307032861684790116e+00  1.464543163144410580e-02 -1.834093002089648297e-04  3.280270190547103933e-03  1.427217068903355313e-02
 -1.346035501592779097e+00  3.026617070990738591e-01  2.220014793509279923e+00  1.459804735583368630e-02 -5.635629303078684834e-04  4.698815067158375932e-03  1.380965315970647815e-02
 -1.394055194581329062e+00  5.160229218642179609e-01  2.136623501031155041e+00  1.456183818789497534e-02 -7.314871465661357047e-04  5.633223881912521012e-03  1.340816343356148756e-02
 -1.411179605295774870e+00  6.264613452925141205e-01  2.086940575500162560e+00  1.454220478321230188e-02 -7.907521479192712675e-04  6.089365972868742826e-03  1.318218695990586078e-02
 -1.414618744195403544e+00  6.543257538097804028e-01  2.073712575402949874e+00  1.453713901457606673e-02  1.445707558497319716e-02  1.373716391618223017e-03 -6.589988883760838998e-04                        10                         8
 -1.424441769560240506e+00  7.625035833364417526e-01  2.019723706117621860e+00  1.451699245985900431e-02  1.449345279575120580e-02  7.541698943572633872e-04 -3.378223014839244059e-04
 -1.426685988458396392e+00  9.616553992988561747e-01  1.909348135667342419e+00  1.447754977413691948e-02  1.446666826149054636e-02 -4.295833519690775643e-04  3.611301957813456507e-04
 -1.394245935488960484e+00  1.217259199340054322e+00  1.746236082949115545e+00  1.442087749585958388e-02  1.419442253201071591e-02 -2.066358339622533674e-03  1.486687574982815583e-03
 -1.304873932389668574e+00  1.482313019120603854e+00  1.549101067125958530e+00  1.435076721285168291e-02  1.345290944774048866e-02 -3.978339951724501190e-03  3.022674017631781168e-03
 -1.156434701749572091e+00  1.710610444284586450e+00  1.350763840777270276e+00  1.427304600054359784e-02  1.205918482137839838e-02 -5.910684358111615265e-03  4.833188802048304271e-03
 -9.721420610425354480e-01  1.873299052335483509e+00  1.184610713969917662e+00  1.419538755974164715e-02  1.002135106007925175e-02 -7.551398449470780004e-03  6.637614960152981984e-03
 -7.907692920845916120e-01  1.967343968297755148e+00  1.069023125234515983e+00  1.412650677006758424e-02  7.687628795903989043e-03 -8.653273580067960633e-03  8.098111716298491184e-03
 -6.497135020322046311e-01  2.009859534407121435e+00  1.003033419065592746e+00  1.407486133712123885e-02  5.667220506447535704e-03 -9.199739982275284729e-03  9.019374570834518142e-03
 -5.737306370429945840e-01  2.023638043902429757e+00  9.749473977734008155e-01  1.404717595123721154e-02  4.514206001037199885e-03 -9.383000517803071101e-03  9.428912857170973483e-03
 -5.542633090489612522e-01  2.026220181668902934e+00  9.685446640914440848e-01  1.404006656814797254e-02 -1.554688297993786852e-03  1.394481174897473650e-02  4.986369618908331530e-04                        10                         8
 -4.776147670269095824e-01  2.032782304614653714e+00  9.463923259994400714e-01  1.401192410421190111e-02 -6.167974194495568581e-04  1.399598083521728389e-02  2.570962967165325895e-04
 -3.323968131518245358e-01  2.030012939284660584e+00  9.175135769397520906e-01  1.395739848046242064e-02  1.201586722532426994e-03  1.390557993662033007e-02  2.883905443346621109e-06
 -1.393779513637561997e-01  1.995769324816564779e+00  9.058698359025515550e-01  1.388024458958622663e-02  3.635239471376080722e-03  1.339563342603983622e-02  5.682400594211791528e-05
  6.628865279035142143e-02  1.916245170717169580e+00  9.309696015140630166e-01  1.378648454722803599e-02  6.198039423539034880e-03  1.229799078478275654e-02  6.410040035847925418e-04
  2.439081772566336900e-01  1.796433643791546007e+00  9.951577545449258371e-01  1.368441618832872340e-02  8.421395943161627293e-03  1.064220518459905172e-02  1.756930730787977467e-03
  3.644587425578050630e-01  1.658760110711310841e+00  1.081437622799897137e+00  1.358411709691876605e-02  1.002445046632913499e-02  8.571360345453262765e-03  3.251216999725739065e-03
  4.235262447199599330e-01  1.531524437780861065e+00  1.164594853771287788e+00  1.349638684329944245e-02  1.088121366490907532e-02  6.339645979482695236e-03  4.853919638540712001e-03
  4.393573344046345225e-01  1.437103939710281916e+00  1.225462651127176371e+00  1.343128985037049817e-02  1.108559216293235417e-02  4.397765141437410814e-03  6.178094787437007169e-03
  4.382760321925917705e-01  1.387686370527540909e+00  1.256311186758789812e+00  1.339661641713849706e-02  1.101170632649274301e-02  3.264323909629982087e-03  6.896074580516254075e-03
  4.369587343128207406e-01  1.375177597388733073e+00  1.263959407861843368e+00  1.338773662920138554e-02  1.331512460802731354e-02 -1.189549598434921224e-03  7.238235133161082186e-04                        10                         8
  4.276979530015679588e-01  1.326504692650176161e+00  1.292946341355878732e+00  1.335267975515289246e-02  1.302932419300878116e-02 -2.510852507718907330e-03  1.492108374625535040e-03
  3.922356039592364110e-01  1.236667232246783636e+00  1.342146437326686422e+00  1.328516658251838731e-02  1.198234372484907181e-02 -5.022669885597440547e-03  2.773423372863571845e-03
  3.063306308637676753e-01  1.121557498767559281e+00  1.392386747257774028e+00  1.319049605980130665e-02  9.667014196836509960e-03 -8.090155454599458687e-03  3.884251220275252488e-03
  1.546100571695283740e-01  1.003176151465662280e+00  1.417087912897550673e+00  1.307668940393941375e-02  6.523671896862741975e-03 -1.056435666283402043e-02  4.103154767933943456e-03
 -5.542121800459330342e-02  9.022035397198674022e-01  1.394158198545294792e+00  1.295419632824077927e-02  3.746527093199579501e-03 -1.187992881953916135e-02  3.555563034627745849e-03
 -2.919794764373368966e-01  8.298808310779391561e-01  1.320689145441774606e+00  1.283511102405732142e-02  1.890823667127625087e-03 -1.237638060945133562e-02  2.826670102736576610e-03
 -5.118989930331765233e-01  7.858697527650070319e-01  1.217793627641143892e+00  1.273190273093963462e-02  8.189963162134861717e-04 -1.250558119069933847e-02  2.245224101724320356e-03
 -6.774197900261331082e-01  7.629952176440590169e-01  1.120740607364693511e+00  1.265585581895953669e-02  2.597923003432929426e-04 -1.251248375760367481e-02  1.881739803128617433e-03
 -7.651167326728862872e-01  7.536884040571771069e-01  1.062695170964990756e+00  1.261552681897358230e-02  2.382250815529508110e-05 -1.249847273741962249e-02  1.714388707477202105e-03
 -7.874473579528694284e-01  7.515913928240278030e-01  1.047180872148885117e+00  1.260521787145917884e-02 -7.713114276327768474e-04  1.256995911068851306e-02 -5.410399469316520089e-04                        10                         8
 -8.748911205355198724e-01  7.443508948567912570e-01  9.835322516941033811e-01  1.256459380330782641e-02 -6.143412163722845832e-04  1.254244385724421400e-02 -4.227344318417120971e-04
 -1.038862160279877373e+00  7.344243668669537115e-01  8.514018696645539194e-01  1.248668757515081694e-02 -3.951594691331419091e-04  1.247821660551967534e-02 -2.352146660249592792e-04
 -1.254762186068919853e+00  7.269130095627698521e-01  6.499382820154102674e-01  1.237813855568902612e-02 -2.280084632871299350e-04  1.237585476724031803e-02 -6.741679820152228671e-05
 -1.485278183872463564e+00  7.227188584861604113e-01  3.937448979375314842e-01  1.224865881228469577e-02 -1.828532385797377452e-04  1.224728535502810133e-02 -1.445079287200551690e-05
 -1.690391546250526703e+00  7.176196313828725088e-01  1.165350134251259734e-01  1.211044835999092965e-02 -2.715843144976526997e-04  1.210646086547508790e-02 -1.510190479576111204e-04
 -1.842483056495797200e+00  7.065468129240785999e-01 -1.392555268451327377e-01  1.197715322448993365e-02 -4.618660848827713973e-04  1.195702367733015984e-02 -5.181349846426288485e-04
 -1.935464456917799194e+00  6.889827410823989024e-01 -3.400749789206561836e-01  1.186243312869851876e-02 -6.896634779527334620e-04  1.179158358929702064e-02 -1.095554871580360260e-03
 -1.981318785252710574e+00  6.702783926263143025e-01 -4.715677630930668892e-01  1.177835873784706269e-02 -8.786864270909853494e-04  1.161553800193303236e-02 -1.742676575246797892e-03
 -1.998108574247178977e+00  6.582226527331117761e-01 -5.348241542164068942e-01  1.173392399195985134e-02 -9.812997140113995228e-04  1.148643766580220916e-02 -2.187183776003391903e-03
 -2.001586874864764687e+00  6.548979181219680123e-01 -5.502322223880337178e-01  1.172258205193981030e-02  1.146717079066155560e-02 -5.257987829383753290e-04 -2.376228032432984010e-03                        10                         8
 -2.012148136069540244e+00  6.408260474877715113e-01 -6.078353022508374259e-01  1.167795194984241502e-02  1.156174854705444032e-02 -3.199448006557652235e-04 -1.611883247026950046e-03
 -2.018922393123948117e+00  6.095160369234666642e-01 -7.039318469293667040e-01  1.159264655882065903e-02  1.158687950913707757e-02  3.540935968519098409e-04  9.107800582062064877e-05
 -2.001249451013196149e+00  5.566796069059924964e-01 -8.052380747150675269e-01  1.147439052055708324e-02  1.092537010609611833e-02  2.216863529273037359e-03  2.717248968285872180e-03
 -1.944672867603955845e+00  4.808391948837822639e-01 -8.763375729260830034e-01  1.133421352353626737e-02  8.848901544786270078e-03  5.422741250011483757e-03  4.555789172384457813e-03
 -1.850569147159577470e+00  3.871026875361354778e-01 -8.959614570569793894e-01  1.118559704481970438e-02  6.750918845684668085e-03  7.690227080065836963e-03  4.516977246464826232e-03
 -1.736188844965305307e+00  2.875140825533201330e-01 -8.669799804058579999e-01  1.104321453530570016e-02  5.591008071984336636e-03  8.621155119849515866e-03  4.045849776163910124e-03
 -1.625874376075694804e+00  1.972473634260158573e-01 -8.118533693250138128e-01  1.092139126578605036e-02  5.030565153933745605e-03  8.955067559997479485e-03  3.711733612248617031e-03
 -1.541106670005194335e+00  1.297167819732259513e-01 -7.581512840205733268e-01  1.083252032775419605e-02  4.770703795373139257e-03  9.060924625440355321e-03  3.533203486937704790e-03
 -1.495643205781908007e+00  9.385421008454622189e-02 -7.264091086589766353e-01  1.078568743833088062e-02  4.669513948700972409e-03  9.085919854685917539e-03  3.460166671488505241e-03
 -1.484004297432113503e+00  8.469880618482117805e-02 -7.180117862153949920e-01  1.077374837019953901e-02 -4.197385117954593992e-03  3.300234349596937886e-03  9.357567277540194018e-03                        10                         8
 -1.438171229133663011e+00  4.871256935462961652e-02 -6.840222062849680441e-01  1.072682734395085427e-02 -4.312017760000516750e-03  3.390106691636543945e-03  9.218378616855189215e-03
 -1.350987405168861193e+00 -1.963316426547731327e-02 -6.162124229121187966e-01  1.063740102840150335e-02 -4.436290991660729621e-03  3.487510777446253131e-03  9.017255206189045880e-03
 -1.232906973771512526e+00 -1.125791320265257841e-01 -5.210755043496431441e-01  1.051398248456786152e-02 -4.423431607866402742e-03  3.477598264335361147e-03  8.881632215320555421e-03
 -1.100003226438559231e+00 -2.187517200501735676e-01 -4.163600665905034595e-01  1.036849515731390432e-02 -4.127072088965309696e-03  3.239387917004673352e-03  8.943116555367570730e-03
 -9.697922202674035931e-01 -3.255868823594911223e-01 -3.266309295430662949e-01  1.021518390010654045e-02 -3.403247673071180908e-03  2.637487741612900557e-03  9.263452153574991329e-03
 -8.559734080429040152e-01 -4.222434826960870186e-01 -2.703104991673311425e-01  1.006918569657112009e-02 -2.178416768498845800e-03  1.578272713017672089e-03  9.703198246871972256e-03
 -7.664270617993849759e-01 -5.008839990796586613e-01 -2.493475220528624780e-01  9.944940853251598953e-03 -6.801110356598134886e-04  2.396258157596282338e-04  9.918763885800886915e-03
 -7.049554954271693451e-01 -5.562133232543416081e-01 -2.507336267576975918e-01  9.854688628348514248e-03  5.622935611098863699e-04 -8.908416142423658643e-04  9.798219998100162042e-03
 -6.736409214597567079e-01 -5.847699524695820347e-01 -2.570833698837691573e-01  9.807257357065445919e-03  1.206674250508767349e-03 -1.480432047454386399e-03  9.619488295836916989e-03
 -6.657611060779446217e-01 -5.919893302616261547e-01 -2.593093976939411918e-01  9.795179972515584541e-03  1.552259624605513042e-03 -1.423368778789579371e-03  9.566089173291090575e-03                        10                         8
 -6.351521335502548734e-01 -6.201388800467327147e-01 -2.703903977904386033e-01  9.747771170840732479e-03  2.143272916273737921e-03 -1.968314929525953746e-03  9.303287609423155477e-03
 -5.781020212767536310e-01 -6.728898484764998830e-01 -3.013275213059872611e-01  9.657660533919492761e-03  3.084554978838801068e-03 -2.839800584428727815e-03  8.700083919803599310e-03
 -5.010193460927712713e-01 -7.439973235492995689e-01 -3.627548398306679905e-01  9.533822389941395007e-03  3.954038028383136848e-03 -3.636116638543891808e-03  7.876421041561460206e-03
 -4.104628775729307207e-01 -8.254528232244609741e-01 -4.564191433836451764e-01  9.388615728850432920e-03  4.457002424586450662e-03 -4.076294829050384008e-03  7.187840785514475108e-03
 -3.129789782605820689e-01 -9.079494335694267873e-01 -5.684902662037907053e-01  9.236501358788803742e-03  4.558784032512674733e-03 -4.151352796988665844e-03  6.877260751981800128e-03
 -2.166816140738571427e-01 -9.816903231910434600e-01 -6.746229076214862131e-01  9.092498090317097590e-03  4.317054897179210921e-03 -3.964402311640195375e-03  6.951264118750123742e-03
 -1.318364419095388812e-01 -1.038686904183218695e+00 -7.541523342758967228e-01  8.970606332849163379e-03  3.793903311890229721e-03 -3.625323055231125945e-03  7.275651749787885212e-03
 -6.884794622299359631e-02 -1.075383343908812897e+00 -8.007030874865009113e-01  8.882441163463843054e-03  3.135308201503822066e-03 -3.260334498636433833e-03  7.644463516884680127e-03
 -3.545012869511082276e-02 -1.092672779564140928e+00 -8.202253765154172400e-01  8.836234267476666711e-03  2.654574429728891799e-03 -3.017747050208009177e-03  7.869274005123934746e-03
 -2.692746956078065458e-02 -1.096827205993010949e+00 -8.245841628185374701e-01  8.824482693623461539e-03  3.128931449633575609e-03  8.103814756088086112e-03 -1.552246498647334000e-03                        10                         8
  6.554750379928117087e-03 -1.112078221029789080e+00 -8.391125635356845500e-01  8.778408010183644542e-03  2.943645477929775663e-03  8.136336586406821519e-03 -1.481696813190116547e-03
  6.999191768347254313e-02 -1.135882935537660279e+00 -8.543631217244666933e-01  8.691075953132771580e-03  2.464660897199237404e-03  8.212101910158009911e-03 -1.421840392631651536e-03
  1.553370904453742570e-01 -1.155407338700518034e+00 -8.455837013206474888e-01  8.571577239434065090e-03  1.620894071885060461e-03  8.247899322431452899e-03 -1.678331178983086356e-03
  2.493481249722126518e-01 -1.154431146522476380e+00 -7.865140617677239223e-01  8.432231455058990182e-03  8.849170731605350825e-04  8.045733937158184939e-03 -2.363390466633962525e-03
  3.356149653044716681e-01 -1.119869858640153335e+00 -6.649541962214782677e-01  8.287159642077842367e-03  5.336682854934274019e-04  7.708298308842330979e-03 -2.995721995820159261e-03
  4.002711384367925858e-01 -1.050301162805635278e+00 -4.946350870262243529e-01  8.150685273519254826e-03  3.858701908812806069e-04  7.371344649398509953e-03 -3.456595533691619567e-03
  4.381651566701292356e-01 -9.604828569434690495e-01 -3.123839891214240755e-01  8.035830833784715045e-03  3.255775335825033395e-04  7.078774186192915386e-03 -3.789397376855627554e-03
  4.542208948506158834e-01 -8.769631346824559305e-01 -1.620499529319287452e-01  7.953140857933040356e-03  3.043962998990605725e-04  6.859554392804073793e-03 -4.013266242213939247e-03
  4.584609422882890445e-01 -8.268871868003364125e-01 -7.809192177202016794e-02  7.909934042341417383e-03  2.984633649677007603e-04  6.741089727844200730e-03 -4.127430854068568465e-03
  4.590611825181575996e-01 -8.134611159433146977e-01 -5.624684256913295330e-02  7.898959885577688443e-03  7.897465428908227264e-03 -8.080637453154531583e-05 -1.306805379539987290e-04                        10                         8
  4.594949328201171108e-01 -7.581364194509871028e-01  3.110246543335333397e-02  7.855989944618518450e-03  7.855550684153407093e-03  4.791924832409701638e-05  6.786165547836177025e-05
  4.516680443005356021e-01 -6.417183720468558318e-01  2.026297904190939594e-01  7.774792589414095932e-03  7.759090783458111356e-03  2.856538803622328993e-04  4.028794895471023353e-04
  4.219328040184640088e-01 -4.590756027848797346e-01  4.440809819660279463e-01  7.664225574546570955e-03  7.598809893784934670e-03  6.033641706613171148e-04  7.964882505172857436e-04
  3.590186446120186788e-01 -2.158322267470124830e-01  7.226456500245550505e-01  7.536095647234901160e-03  7.376867576016034057e-03  9.787856879244989422e-04  1.190185257558801723e-03
  2.622135684056286938e-01  6.438823797638958243e-02  9.910659733676220915e-01  7.403641419749890391e-03  7.103348642224777696e-03  1.399508666543297754e-03  1.548457242389915151e-03
  1.448444960807095051e-01  3.429787405390830480e-01  1.205717884042854349e+00  7.279940584552420173e-03  6.793839112554198698e-03  1.852204671060102135e-03  1.846787178817675744e-03
  2.967751484533857887e-02  5.797095943023135785e-01  1.346076078554522385e+00  7.176537254259161439e-03  6.475719519353008776e-03  2.303020761998940153e-03  2.064906544675056718e-03
 -6.035194416334540710e-02  7.464866093660326699e-01  1.419324787602838418e+00  7.102500201340039574e-03  6.199012318333274116e-03  2.682907895638192083e-03  2.195395319916182354e-03
 -1.091475295809776384e-01  8.311236271338434707e-01  1.447315494109973794e+00  7.063953879836494633e-03  6.032821035864715771e-03  2.903255014664785267e-03  2.252914797658584541e-03
 -1.216910236690061539e-01  8.522633925606772485e-01  1.453246208432487388e+00  7.054178870852294033e-03  8.167686106307257563e-04 -1.368430528802045136e-03  6.871806637741624860e-03                        10                         8
 -1.712676767964533621e-01  9.334091471430651049e-01  1.471742087830926059e+00  7.015964983107011612e-03  5.455145608568725770e-04 -9.346784519888734510e-04  6.931995001402163907e-03
 -2.661848151377704628e-01  1.078220833363043809e+00  1.485475564076631550e+00  6.944022698573543874e-03 -7.765519265038161039e-05 -2.969082890449481569e-05  6.943524995565148730e-03
 -3.950680357802073072e-01  1.252188317708892625e+00  1.457877749855614067e+00  6.846636410911863128e-03 -1.180569747620668138e-03  1.338266287758200471e-03  6.609971902911300273e-03
 -5.377959514986236978e-01  1.410046693263756638e+00  1.358152414336960381e+00  6.734646301914094845e-03 -2.728801388063716244e-03  2.826457177588052763e-03  5.469940001466899802e-03
 -6.697597571377112292e-01  1.511349726372022346e+00  1.181552712432821174e+00  6.619899801606283542e-03 -4.187010785206888241e-03  3.700413002670337312e-03  3.549501046279097461e-03
 -7.713333990715278614e-01  1.538997199633068295e+00  9.566110170973422841e-01  6.513726253494341924e-03 -5.039347099999097826e-03  3.769830394699703641e-03  1.679877765312225136e-03
 -8.356630043683078355e-01  1.507257879183168794e+00  7.325532079700459967e-01  6.425747764636278351e-03 -5.386260625667359258e-03  3.483954979442727812e-03  3.748179669250364032e-04
 -8.684909197512768320e-01  1.452402825273439417e+00  5.572587922087236980e-01  6.363208837072933371e-03 -5.492795354011009549e-03  3.188784748594666895e-03 -3.889443794274297507e-04
 -8.809011509951069933e-01  1.413111479629892429e+00  4.625648973658706533e-01  6.330804323175821784e-03 -5.514249775719554277e-03  3.021437494506638410e-03 -7.369180796451988910e-04
 -8.835243795377832006e-01  1.401982438995116733e+00  4.382781364106582219e-01  6.322604110084524258e-03  6.295033054104038803e-03 -2.495737423216841605e-04 -5.344104487553047542e-04                        10                         8
 -8.917162566001269147e-01  1.353981493392949461e+00  3.425621261190735811e-01  6.290614813828585202e-03  6.279273872348488676e-03 -1.492011680637794291e-04 -3.468333655369180946e-04
 -8.981132695683532659e-01  1.244507505162709955e+00  1.608535838482273189e-01  6.230692301614995307e-03  6.230300071028585225e-03  4.956173793073804894e-05 -4.930736738924915738e-05
 -8.879529551731973303e-01  1.058384047114176943e+00 -8.137505714498326786e-02  6.150229241579138214e-03  6.136373142389078264e-03  3.195870693583384914e-04  2.609760265619031995e-04
 -8.505176248652309404e-01  7.960104038965566942e-01 -3.406207252346869378e-01  6.058682667979278837e-03  6.004643902122716256e-03  6.199659439558627395e-04  5.172325476107511350e-04
 -7.867461169827084301e-01  4.841160508022309876e-01 -5.664987879832901092e-01  5.966053538504917330e-03  5.854750789765224880e-03  9.137507815329432178e-04  6.933595916250500030e-04
 -7.097366278441628814e-01  1.699334628829655292e-01 -7.231605107770867318e-01  5.881487467389634564e-03  5.708737827771492867e-03  1.173121855619382832e-03  7.911967863308663924e-04
 -6.374535561497124214e-01 -9.795764442633802288e-02 -8.047541244099105594e-01  5.812314783954676593e-03  5.585503198640919269e-03  1.377663334748325826e-03  8.289758149911737473e-04
 -5.840345835582677580e-01 -2.867150685970851403e-01 -8.322969483589207723e-01  5.763677317661133458e-03  5.498116720063091071e-03  1.515202561018266211e-03  8.335766034191477002e-04
 -5.563851501268152721e-01 -3.825048264999822107e-01 -8.358976679524751845e-01  5.738659898666860190e-03  5.453199737836069577e-03  1.583053650126630356e-03  8.299224015849387243e-04
 -5.494367916821868543e-01 -4.064341078386188009e-01 -8.356196585577891028e-01  5.732349611058831713e-03 -3.350659540909598335e-05  1.152777115194085510e-04  5.731092428210984488e-03                        10                         8
 -5.226464681960280423e-01 -4.983246115511947782e-01 -8.298705773544835333e-01  5.707814237007547868e-03 -1.599528455672953706e-04  5.479505201903958958e-04  5.679199651254044029e-03
 -4.745930321699228374e-01 -6.626707629072950213e-01 -7.988203431850893996e-01  5.662214285653272295e-03 -4.121234424770198385e-04  1.412446438346336749e-03  5.467707009672302762e-03
 -4.172650984913587176e-01 -8.619583050303775416e-01 -7.151872490381632309e-01  5.601766603516212578e-03 -7.557139391719021196e-04  2.633782622573955644e-03  4.885885244194577612e-03
 -3.674554375418789189e-01 -1.048949109007722501e+00 -5.631313261917858853e-01  5.534181648797794953e-03 -1.074557397213197086e-03  3.923874863007033829e-03  3.751759451436913640e-03
 -3.401894167322322540e-01 -1.183875044451007488e+00 -3.534430673202477995e-01  5.467229575655568737e-03 -1.218500731225772253e-03  4.843991780031585296e-03  2.222970723134171713e-03
 -3.406690012578918250e-01 -1.251260693110773730e+00 -1.224534976522235179e-01  5.407520808224705957e-03 -1.167292519755697253e-03  5.224981006918336199e-03  7.604491712456670435e-04
 -3.615351661420763006e-01 -1.263351430991481039e+00  8.532086295162497917e-02  5.359812197644771480e-03 -1.023269589608657136e-03  5.250413855279011132e-03 -3.371357134715876404e-04
 -3.878374735915310898e-01 -1.248145025636095333e+00  2.361674507866903632e-01  5.326945303174485412e-03 -8.836590518655682274e-04  5.151120324528200021e-03 -1.030268093896557883e-03
 -4.051251541328679500e-01 -1.232800399433351551e+00  3.138195385750896296e-01  5.310276384465070317e-03 -8.030381773727421498e-04  5.069413749596447458e-03 -1.362060644939046294e-03
 -4.098843952797044042e-01 -1.228138995683180403e+00  3.333147495517659184e-01  5.306098523154237271e-03  2.989454987963551360e-04  5.159329047439803755e-03 -1.202762198613201963e-03                        10                         8
 -4.298907195007631666e-01 -1.207050965254800747e+00  4.084838292052877464e-01  5.289959951972803359e-03  3.786194953123363000e-04  5.063738387961910889e-03 -1.482861122804979271e-03
 -4.731983915342222631e-01 -1.155833421972974036e+00  5.437850846094154510e-01  5.260434942035639364e-03  5.523661058259391474e-04  4.847388482863935794e-03 -1.967204199040419575e-03
 -5.417144887603624126e-01 -1.066196518034401580e+00  7.078651070016377859e-01  5.222325608322453609e-03  8.368401692846930790e-04  4.477758588362435463e-03 -2.553832671644424830e-03
 -6.299400549653976986e-01 -9.427232762604381817e-01  8.577910133598423152e-01  5.181299524393227276e-03  1.270479766877481579e-03  3.904727700339910828e-03 -3.159880932824940287e-03
 -7.232486159332698479e-01 -8.062869917045667151e-01  9.544478473906172302e-01  5.142597438206836953e-03  1.951324768934846997e-03  3.016216130124373574e-03 -3.679820690464473724e-03
 -8.037032956711676629e-01 -6.840822467754202711e-01  9.812934919591348171e-01  5.110040548907699605e-03  2.979693529043291381e-03  1.712601382611607555e-03 -3.781658021124497467e-03
 -8.595074930329641570e-01 -5.947238385932977802e-01  9.520189699689884098e-01  5.085629426332078238e-03  4.032466943610561825e-03  3.858106659763271395e-04 -3.074733669878049799e-03
 -8.899349567524688604e-01 -5.416439296827831679e-01  9.009751928033065071e-01  5.069796160007575714e-03  4.582739663025363135e-03 -3.811721901245054833e-04 -2.134487771442466998e-03
 -9.018980767252795102e-01 -5.183600715519238873e-01  8.644067779313445147e-01  5.062116318780984381e-03  4.750591242897497281e-03 -6.728695532365019504e-04 -1.613738216719696745e-03
 -9.044657972099213235e-01 -5.129680480888557788e-01  8.540516620562721520e-01  5.060231436634550554e-03  4.953247944547250505e-03  4.628126548704984862e-04 -9.257869293928955995e-04                        10                         8
 -9.125777403096773163e-01 -4.939687093009938264e-01  8.094058369210570437e-01  5.053109864562853740e-03  5.010733853864309461e-03  3.318428399773031793e-04 -5.624463340056054289e-04
 -9.188541603023865853e-01 -4.676133753459174143e-01  7.076868916456855844e-01  5.040794425616870505e-03  5.035552167805945189e-03  2.264187274806063943e-04  3.946348288005451649e-05
 -9.063952325349332084e-01 -4.524172327586139290e-01  5.349807454108305705e-01  5.026487960650195850e-03  4.977623527037134776e-03  2.167535787987744014e-04  6.647278598988331220e-04
 -8.586198290772678757e-01 -4.637208007582011017e-01  2.915928610219980211e-01  5.013597356907867949e-03  4.860263860858928876e-03  2.693985971924451651e-04  1.200590711213842671e-03
 -7.692573203489768158e-01 -5.030217454410970251e-01  1.436153403913388213e-03  5.004632557145076502e-03  4.715498651541229593e-03  3.422471438473276089e-04  1.641123515119340259e-03
 -6.488383820386794695e-01 -5.561895072665079083e-01 -2.931853258745749899e-01  5.000478688975316695e-03  4.562414185061367585e-03  4.113080020883117145e-04  2.004991184585418694e-03
 -5.221070242113492945e-01 -6.038893147781162866e-01 -5.477999197837383863e-01  5.000303160154674227e-03  4.416332481030579057e-03  4.643122911400127963e-04  2.298576343466412629e-03
 -4.180677211306236080e-01 -6.346021963704709071e-01 -7.301916808061472565e-01  5.002111985521407994e-03  4.297349832085335344e-03  4.971397720860473430e-04  2.511326498761818824e-03
 -3.599387950739905827e-01 -6.480362931083404562e-01 -8.240721373449575776e-01  5.003716353769073552e-03  4.229275726377105849e-03  5.121587911176451059e-04  2.624518537167224602e-03
 -3.447982531173877088e-01 -6.510713195196217210e-01 -8.476935221431115124e-01  5.004196885750872385e-03  2.839098915662981333e-04  4.976735993239277589e-03 -4.398641817950215164e-04                        10                         8
 -2.841543637162214491e-01 -6.612265339412345968e-01 -9.391292995049133385e-01  5.006365990809804606e-03  2.114630723795207843e-04  4.990763383155934663e-03 -3.335635716123381287e-04
 -1.643379857469766512e-01 -6.713156045924359324e-01 -1.106237997710162906e+00  5.011733398267118208e-03  2.144210094451183925e-05  5.011019152643726889e-03 -8.184707356349168756e-05
  7.039103163713423723e-03 -6.601340068023540149e-01 -1.318108210704872062e+00  5.021779591472466152e-03 -3.756089367797406216e-04  4.993672231980250383e-03  3.747343478918716084e-04
  2.115304409108978167e-01 -6.002216075325769890e-01 -1.534325937394031395e+00  5.037519846589720444e-03 -1.076425174455187921e-03  4.807443038184231712e-03  1.051858585171220857e-03
  4.211240729940126394e-01 -4.723103553722359976e-01 -1.717397678060176098e+00  5.058636845477894266e-03 -2.028755036289597716e-03  4.268756638933384324e-03  1.803240553758230576e-03
  6.068831035271973614e-01 -2.825091191915170741e-01 -1.845906124962844790e+00  5.083045629261759803e-03 -2.923187468332514747e-03  3.421466632904772605e-03  2.363449592028588368e-03
  7.490678458874497786e-01 -6.748956336482119439e-02 -1.919402228401378488e+00  5.107112439670235858e-03 -3.514489814530547213e-03  2.593920695051631992e-03  2.646230194593502619e-03
  8.410364155730936995e-01  1.186126629146075101e-01 -1.952431714056976395e+00  5.126493844583763129e-03 -3.824415800587090174e-03  2.016740480662892748e-03  2.754549102199963136e-03
  8.851238391631818047e-01  2.259724196150545692e-01 -1.963108072010063680e+00  5.137320767333667974e-03 -3.951516934955939461e-03  1.734018549056566785e-03  2.787607980108028696e-03
  8.958600200794080675e-01  2.543145844207379078e-01 -1.965106835809469278e+00  5.140148246869124080e-03  1.090492063994794362e-04  2.926581706980293629e-04  5.130651368539774072e-03                        10                         8
  9.360286929590224707e-01  3.693591690569718570e-01 -1.970179371767935039e+00  5.151524671567718874e-03  4.932680136924497832e-05  1.098546014781220785e-04  5.150117015658154523e-03
  1.003428623274146665e+00  6.035793680025180144e-01 -1.967984124055577693e+00  5.174368658969821897e-03 -2.840441487731977608e-05 -1.991851018457503099e-04  5.170455444479463668e-03
  1.076229422564882980e+00  9.538971686869752166e-01 -1.941131438380781213e+00  5.208381440776280665e-03 -8.766729125965272082e-05 -5.524532212246100328e-04  5.178257150530915119e-03
  1.131910578864021463e+00  1.394875211497325520e+00 -1.877860744686691022e+00  5.252147665576197873e-03 -1.181426366308036381e-04 -8.936899543053361712e-04  5.174206768578267098e-03
  1.156871080260139939e+00  1.873232627922093415e+00 -1.779743456894822276e+00  5.302534948690613906e-03 -1.250321372967078213e-04 -1.209432364704712912e-03  5.161251515081701088e-03
  1.151662561570050949e+00  2.321244883691355126e+00 -1.661890577328487272e+00  5.354568368555894399e-03 -1.147972590394223235e-04 -1.507404297454971844e-03  5.136726222689958691e-03
  1.128277616654322509e+00  2.681616644733108915e+00 -1.546729524077527203e+00  5.401952644166314110e-03 -9.237061025142527786e-05 -1.786985962745374357e-03  5.096983540205736181e-03
  1.102332614444852573e+00  2.924300148120701553e+00 -1.456282354109124741e+00  5.438161812105025090e-03 -6.552480066896631313e-05 -2.020754095198233017e-03  5.048352531457591568e-03
  1.086208396703383651e+00  3.043804742941903679e+00 -1.406863422850626333e+00  5.457795216787698585e-03 -4.695777049158701352e-05 -2.158630770491758426e-03  5.012547934221407383e-03
  1.081863877531383779e+00  3.073256886952778243e+00 -1.394096745368416146e+00  5.462860985423933698e-03  5.411933937559582119e-03  6.817408617308560667e-04  2.984134698773814468e-04                        10                         8
  1.063973370166261451e+00  3.184792086713400224e+00 -1.343328947889760395e+00  5.483007540140996060e-03  5.418558971974777975e-03  7.667692787933634395e-04  3.386077754177524608e-04
  1.026921926568191190e+00  3.377508415354973124e+00 -1.244351685413999072e+00  5.522450225863081178e-03  5.426653552963451319e-03  9.298760286690782324e-04  4.292065756147850136e-04
  9.718610511638832531e-01  3.596738895275687350e+00 -1.104401588154440216e+00  5.579122504140416468e-03  5.425025635710121737e-03  1.158129596228365003e-03  5.953491466643293442e-04
  9.059734030837878814e-01  3.780008816289032702e+00 -9.371348423598708974e-01  5.649232787148317429e-03  5.397163463753812548e-03  1.413654371865536710e-03  8.865883745109396242e-04
  8.416479187095365600e-01  3.882195319660462163e+00 -7.616007353592168748e-01  5.726953999456402619e-03  5.344417952275725791e-03  1.574087579024840717e-03  1.325687428032090601e-03
  7.908110383705421665e-01  3.895142788812098037e+00 -5.983686626959898620e-01  5.804612440258353427e-03  5.326742027298100553e-03  1.538548107963959863e-03  1.718200999795622779e-03
  7.589461074702170621e-01  3.846813524942015319e+00 -4.648094928585428542e-01  5.873493229932416115e-03  5.362790962749399825e-03  1.473649892872014441e-03  1.888584603652585013e-03
  7.437000015256156967e-01  3.781667168716440903e+00 -3.720427341841498635e-01  5.925138662878761474e-03  5.406746072328522058e-03  1.465047101713305667e-03  1.930803478726475812e-03
  7.386098523085482994e-01  3.738571835368025018e+00 -3.250178811242242790e-01  5.952824048762788765e-03  5.432430256317098596e-03  1.476630210776827459e-03  1.935039763519170032e-03
  7.376485764382809799e-01  3.726712983459860710e+00 -3.132530237955966351e-01  5.959933431852027889e-03  5.951539605827419149e-03 -2.264875896636330682e-04  2.206495051058506810e-04                        10                         8
  7.352200205524049756e-01  3.676953330381637204e+00 -2.679449656222781003e-01  5.988075895788099475e-03  5.986891830855404053e-03 -7.565970170244620471e-05  9.194970850184816980e-05
  7.366675789745978289e-01  3.569991719021988788e+00 -1.860018147558809021e-01  6.042601519537579739e-03  6.037772825727717165e-03  2.153751219758531007e-04 -1.092976928196180215e-04
  7.520107707765415927e-01  3.403252087507593316e+00 -8.358022507550242469e-02  6.119755410413773606e-03  6.078854582668791542e-03  6.230544601822951035e-04 -3.327707705046158195e-04
  7.899370242619945858e-01  3.192826075158161359e+00  1.890188050719278438e-02  6.213515452771964497e-03  6.080916455373078450e-03  1.147162430378110502e-03 -5.605780078971105611e-04
  8.522057277753629077e-01  2.974373270900672205e+00  1.024413978160308053e-01  6.315583811671277020e-03  5.994743447753533600e-03  1.823635276072594139e-03 -7.899394012986101261e-04
  9.310025582268198850e-01  2.787165555513900360e+00  1.559589368832849285e-01  6.415882903081234305e-03  5.739155348009875111e-03  2.687698339788201132e-03 -1.000963012183509021e-03
  1.011226942652547201e+00  2.654498988857014337e+00  1.799590627617684767e-01  6.503613156700557827e-03  5.243569359861861563e-03  3.675737240107721784e-03 -1.136186693291085125e-03
  1.076019263394228432e+00  2.577389212463534799e+00  1.844868285469891160e-01  6.568710149629502247e-03  4.600230386417341233e-03  4.545093203645470979e-03 -1.152371985039529859e-03
  1.111975380029429858e+00  2.544017054185003286e+00  1.824579206970722168e-01  6.603383582861503240e-03  4.132318767951559391e-03  5.028592627679018701e-03 -1.114393344960544743e-03
  1.121320983183454595e+00  2.536334200809143303e+00  1.814557476689784217e-01  6.612263370798614855e-03  4.704982371393146619e-04 -3.768930564334381072e-04  6.584725500555518136e-03                        10                         8
  1.158695795223443829e+00  2.509420947136232626e+00  1.756220635081908832e-01  6.647320244847107897e-03  8.661901263108265706e-04 -6.313222182823530464e-04  6.560336375471832295e-03
  1.232404972679521585e+00  2.472643456774013850e+00  1.562634901695955636e-01  6.714833417481613093e-03  1.755454729463028218e-03 -9.613403522615393635e-04  6.409617090314158937e-03
  1.338021815906441373e+00  2.452332924785862191e+00  1.124981011457174021e-01  6.809503940198693718e-03  2.966594760691390435e-03 -1.029628131453990802e-03  6.042228508451040886e-03
  1.465284495063415212e+00  2.469237651726051091e+00  3.766604447209175418e-02  6.923310596060586629e-03  4.007589211243611131e-03 -7.924107479833329432e-04  5.589592429679385928e-03
  1.598371540479195235e+00  2.524221548760108463e+00 -6.424648618835030402e-02  7.045803671759221034e-03  4.713341763844713299e-03 -4.938086514406382892e-04  5.213819311592539839e-03
  1.719824224641171531e+00  2.597139155965557586e+00 -1.778990244594742624e-01  7.164888975942678964e-03  5.191937908890648708e-03 -2.527776022296468299e-04  4.931076786222270871e-03
  1.815949489841595147e+00  2.661786387865281675e+00 -2.826901087813840470e-01  7.268097269060365625e-03  5.537338296506231399e-03 -8.174802839226833102e-05  4.707062753185067648e-03
  1.880049775358616437e+00  2.703128385435951312e+00 -3.609301565329941115e-01  7.344144181040463760e-03  5.781245981143307076e-03  2.691048684324757155e-05  4.529119614574417957e-03
  1.911424868042859318e+00  2.721162080058508277e+00 -4.021142449779616847e-01  7.384473181026418204e-03  5.912989089117500602e-03  8.007107641914328403e-05  4.422735897156521151e-03
  1.919135520010191052e+00  2.725234384698550215e+00 -4.125667778141170149e-01  7.394782128540821590e-03 -1.277900259526871781e-03  7.071693010296169939e-03  1.743826718288308576e-03                        10                         8
  1.948244094224635268e+00  2.738867638209610388e+00 -4.533475519147173718e-01  7.435406196692173833e-03 -1.017507107843644673e-03  7.237253079727481693e-03  1.368251605250701245e-03
  1.998070522328222798e+00  2.752559797143845360e+00 -5.290567612547756081e-01  7.513312424849183561e-03 -3.324420925515963370e-04  7.501560378625594201e-03  2.567834385774639622e-04
  2.053275478897629840e+00  2.738536281031784050e+00 -6.266817391110357073e-01  7.621861444310974400e-03  9.480084747858781146e-04  7.198830720762986433e-03 -2.317517650808163115e-03
  2.095443107750426024e+00  2.661489830352340826e+00 -7.268471987808381874e-01  7.751341187715304585e-03  2.029687808525427670e-03  4.963390944020767406e-03 -5.597178570057202577e-03
  2.109606005500234652e+00  2.497418948585747433e+00 -8.096042539372441967e-01  7.889551640009070595e-03  2.199479153844011159e-03  2.361936286497930007e-03 -7.199206450067939013e-03
  2.091175091226527904e+00  2.255122776770765897e+00 -8.629415954527424046e-01  8.022846775510066725e-03  2.085129896940847135e-03  8.302298807110874285e-04 -7.702533482002540488e-03
  2.049143891493221790e+00  1.981852980495133910e+00 -8.874331167439197163e-01  8.137566871301481611e-03  1.979051834239962601e-03  2.972444164612891761e-05 -7.893191045443132415e-03
  2.002751041145633199e+00  1.746131853247770100e+00 -8.931999445425506036e-01  8.221641262152937750e-03  1.915145398459619508e-03 -3.797087840274435307e-04 -7.986452553269636544e-03
  1.972906181024144133e+00  1.610427152753825488e+00 -8.923163218944711024e-01  8.266076008040149106e-03  1.886586969657782229e-03 -5.549324858868873167e-04 -8.028751591170437568e-03
  1.964700864237320383e+00  1.574632946256221756e+00 -8.916751685243089875e-01  8.277417948060190110e-03  3.648060595268503171e-05  1.578628127329105265e-04  8.275832065998822999e-03                        10                         8
  1.930106127276590440e+00  1.429462551401701775e+00 -8.875776501697404922e-01  8.322048050157585352e-03  6.682676580415790758e-05  2.816246122894088032e-04  8.317013016116823695e-03
  1.853857136661074785e+00  1.134461883547618777e+00 -8.732318554913310074e-01  8.407353441179341359e-03  1.181152543152215679e-04  4.711676839555563453e-04  8.393309340492826156e-03
  1.726778372717138741e+00  6.944077266450717487e-01 -8.412741817742161073e-01  8.525609479442917170e-03  1.739540142483406073e-04  6.548311659760648476e-04  8.498644194279476047e-03
  1.545832572170454826e+00  1.420625118817447094e-01 -7.902435176400036465e-01  8.665786476463733113e-03  2.176565031938361991e-04  7.824808116976783936e-04  8.627641895767585508e-03
  1.321732178103245082e+00 -4.555915239904784591e-01 -7.284143596787425294e-01  8.814402955180296102e-03  2.357604461371912152e-04  8.316553468009363489e-04  8.771913465855995541e-03
  1.080774920231264757e+00 -1.014363839716530019e+00 -6.700946232571511657e-01  8.956785464694300289e-03  2.198858159577818773e-04  8.026050406808210884e-04  8.918042455448023419e-03
  8.586506582084064050e-01 -1.463487049991275066e+00 -6.269240522480751735e-01  9.078608734213950073e-03  1.714566671011756300e-04  7.164160931674337218e-04  9.048673225490192732e-03
  6.898540534263825679e-01 -1.765956114559169426e+00 -6.020466903658065219e-01  9.167479672245804435e-03  1.084450887617407783e-04  6.137567109600261181e-04  9.146268414141093368e-03
  5.992897986014824067e-01 -1.914963353812278723e+00 -5.917629758409834961e-01  9.214312561669119772e-03  6.347657744903745279e-05  5.443099427556275611e-04  9.198002685065168971e-03
  5.760693451869042566e-01 -1.951697206863625507e+00 -5.894854629776308305e-01  9.226251629800461431e-03  2.525117316896321909e-04  3.962124187924662621e-04  9.214280909596222926e-03                        10                         8
  4.844188748953118418e-01 -2.090860627978839371e+00 -5.819687991916482941e-01  9.273172656049146233e-03  1.907044527701789972e-04  3.056214240578026056e-04  9.266172805735282893e-03
  3.088318296923523085e-01 -2.331603081641944246e+00 -5.743948347555950898e-01  9.362598971598497051e-03  2.872829007582092102e-05  9.986789209981438743e-05  9.362022249089888481e-03
  6.771715667751791958e-02 -2.606301410291458141e+00 -5.796629473137839670e-01  9.486017515432138902e-03 -3.277657446506990164e-04 -2.565060967464631494e-04  9.476882532882361125e-03
 -2.080629517185177269e-01 -2.837618914110601489e+00 -6.103364146189032131e-01  9.631504842686096144e-03 -1.058393584080040954e-03 -7.461013654909900029e-04  9.544056857975878963e-03
 -4.796796336553469679e-01 -2.969297789039433813e+00 -6.702398755472318082e-01  9.784816099893459930e-03 -2.335227984032426339e-03 -1.125129955858170062e-03  9.435222252483335236e-03
 -7.114749047285780676e-01 -2.990280043019487879e+00 -7.496844135736393129e-01  9.930814303428880327e-03 -3.848607590034976102e-03 -9.713278831424475377e-04  9.103066213674534328e-03
 -8.822457583296155383e-01 -2.934136547165744592e+00 -8.296577535686103128e-01  1.005505914674840148e-02 -4.919860237999852215e-03 -4.382011945920315493e-04  8.758262921162783044e-03
 -9.885063825065885631e-01 -2.855513824502579103e+00 -8.917210664064557160e-01  1.014531137165148616e-02 -5.458078230190131547e-03  1.263007099011419741e-05  8.551991893248748024e-03
 -1.037818115813552605e+00 -2.802913467750962434e+00 -9.247742880832539348e-01  1.019274264293455456e-02 -5.671643706108045490e-03  2.344430390119744013e-04  8.465783880865392888e-03
 -1.049625981120173406e+00 -2.788382829891102709e+00 -9.331773187678259883e-01  1.020482002748441594e-02 -2.579264016163088070e-03  3.265087813241944990e-03  9.317990690062543031e-03                        10                         8
 -1.092966887877966588e+00 -2.727194302983981663e+00 -9.659314701107648767e-01  1.025222882915926790e-02 -2.514311010847921062e-03  3.159146141991362074e-03  9.423705840045858064e-03
 -1.161725942156953940e+00 -2.594679143702571877e+00 -1.026034804979370230e+00  1.034233946608050780e-02 -2.422780688723758609e-03  2.915189405455165207e-03  9.622670632226566724e-03
 -1.225945642981936196e+00 -2.385871420617757304e+00 -1.099664428823852895e+00  1.046617761005860540e-02 -2.355741165053332393e-03  2.482997099628076213e-03  9.890706887366736166e-03
 -1.255269944811058171e+00 -2.118661925585709582e+00 -1.163828449116697183e+00  1.061138427114956762e-02 -2.382608524104445642e-03  1.781759137371220899e-03  1.018577376281544153e-02
 -1.232745770869573385e+00 -1.836285962622266703e+00 -1.193711478253424363e+00  1.076349864121119676e-02 -2.623813670961294350e-03  7.296907546276557889e-04  1.041326347606948903e-02
 -1.163200361658608468e+00 -1.588872082422228148e+00 -1.176644106473922277e+00  1.090750190968290295e-02 -3.220925465287208960e-03 -6.064045959411501095e-04  1.040343743782899872e-02
 -1.070503741953243110e+00 -1.408896953635504156e+00 -1.122031399883083987e+00  1.102939366715083703e-02 -4.118078318736992046e-03 -1.876540057971573831e-03  1.005820824185716192e-02
 -9.860592815603413897e-01 -1.301363498779422093e+00 -1.057777538426323404e+00  1.111755883653615740e-02 -4.958574529625283723e-03 -2.731891441611691731e-03  9.568146229507750724e-03
 -9.365384141674631477e-01 -1.253738899243440670e+00 -1.015586875071537809e+00  1.116376573252333363e-02 -5.426889310564985737e-03 -3.128728548063011965e-03  9.240649079695281601e-03
 -9.234058495758589829e-01 -1.242643336154290902e+00 -1.003919224156974601e+00  1.117551730637653896e-02 -4.347921618849805744e-03  9.530023230705602939e-03 -3.894409054487157993e-03                        10                         8
 -8.699276154216736029e-01 -1.203252741307573929e+00 -9.545185961289354636e-01  1.122159198981635584e-02 -3.610115484192748779e-03  1.013466126662661228e-02 -3.190585210810177759e-03
 -7.606094703769422911e-01 -1.147220750898992022e+00 -8.451128397361902365e-01  1.130892404686722867e-02 -2.291088288841813900e-03  1.092825495385448659e-02 -1.793298975101089690e-03
 -5.970655821515011969e-01 -1.111528147776501346e+00 -6.634745717337221172e-01  1.142842276056593522e-02 -7.853783092462946836e-04  1.140140430896217103e-02 -2.736634024190010613e-06
 -3.921497616239410466e-01 -1.129702882787642279e+00 -4.103216708470580866e-01  1.156776854494101024e-02  4.943605132309747852e-04  1.143327213206585139e-02  1.687947021209802522e-03
 -1.710881194383823526e-01 -1.212074051107043452e+00 -1.102260549673006712e-01  1.171284035792215803e-02  1.405672195736692502e-03  1.123494809987129073e-02  2.998442282502920952e-03
  3.584483783280238652e-02 -1.338700609293847699e+00  1.918436105716945272e-01  1.184931472648074561e-02  2.004942118250648987e-03  1.100352552411630299e-02  3.912658000615324357e-03
  2.037306410024555450e-01 -1.471842363216793687e+00  4.484128279763967656e-01  1.196416916621528552e-02  2.383511357593248587e-03  1.082265434392745739e-02  4.508921201119918236e-03
  3.186880676598356990e-01 -1.576607873516173785e+00  6.276734536673159247e-01  1.204685914206695994e-02  2.606325574422237878e-03  1.070890527334303745e-02  4.863458649508656630e-03
  3.762828775313167783e-01 -1.632663932837196145e+00  7.177764348399395232e-01  1.209006595765858315e-02  2.709662512183218930e-03  1.065587564587465485e-02  5.027895996364611312e-03
  3.906131293579980131e-01 -1.646936825866891953e+00  7.401604591950069314e-01  1.210104011442231204e-02  1.065062727755458584e-02  3.099078456389629116e-03 -4.836840204783472859e-03                        10                         8
  4.454902524585466753e-01 -1.702651090589763003e+00  8.255384744675592006e-01  1.214401005538148192e-02  1.069541038601769776e-02  3.102926409356769502e-03 -4.843245254783987348e-03
  5.434380863027844072e-01 -1.805276346397153972e+00  9.751020721157183765e-01  1.222520741058590445e-02  1.073248978070875692e-02  3.160468822699982511e-03 -4.927554785039736131e-03
  6.635637342186823042e-01 -1.932396883613382369e+00  1.147101401004447464e+00  1.233577442545342952e-02  1.062145528890528438e-02  3.413946546084103886e-03 -5.263172731531549193e-03
  7.821230135031680648e-01 -2.047812030543686736e+00  1.287674487777913632e+00  1.246390435276509932e-02  9.857506755510487596e-03  4.310127338031122376e-03 -6.292954362610509236e-03
  8.806423386626275229e-01 -2.114371071737980357e+00  1.351272271298325333e+00  1.259635858025011021e-02  4.813864722945570814e-03  7.719314525978125327e-03 -8.712470324795594111e-03
  9.511960184673353041e-01 -2.114540444104797050e+00  1.323872949170333797e+00  1.272005941544758028e-02 -6.660766796333738573e-03  1.081941183269065896e-02 -6.119026164415207643e-04
  9.955408067594020360e-01 -2.061771692522176310e+00  1.231277976484381441e+00  1.282346274574083895e-02 -8.333256140236868328e-03  9.203653566017143753e-03  3.207927668970673844e-03
  1.020001877546921622e+00 -1.992451903137029632e+00  1.124964050542666080e+00  1.289749979865996073e-02 -8.602506445398127449e-03  8.607894442242248838e-03  4.271596561536728908e-03
  1.030585697453689340e+00 -1.945775962424334179e+00  1.056474877871091256e+00  1.293604612016350578e-02 -8.677806991344650940e-03  8.407711027405591797e-03  4.620319288058953654e-03
  1.033052688434816489e+00 -1.932790025096039736e+00  1.037696192557648635e+00  1.294582112914770635e-02  1.287567849678432558e-02 -7.668683194009700589e-04  1.105938938654416124e-03                        10                         8
  1.041903763788683833e+00 -1.877596426996379663e+00  9.588920645736031892e-01  1.298403501689298871e-02  1.294160626274332311e-02 -5.954150611174931912e-04  8.634081103513927078e-04
  1.055440103617596596e+00 -1.754935508685682197e+00  7.879257902987135577e-01  1.305597730142645675e-02  1.303900825279934584e-02 -3.698116200322872863e-04  5.532146459399909003e-04
  1.068347719909032687e+00 -1.552103388635348265e+00  5.129121131709426497e-01  1.315336358908813725e-02  1.314828040990141059e-02 -1.897545790599409338e-04  3.125526660870809031e-04
  1.077498567086938781e+00 -1.273373491009208953e+00  1.442135659589301940e-01  1.326535369808590575e-02  1.326402258002585242e-02 -8.033329688429192202e-05  1.698831754396095490e-04
  1.082728351692948044e+00 -9.501204098010706579e-01 -2.749331919735646774e-01  1.338010019839371689e-02  1.337972989827880966e-02 -2.306796602631464759e-05  9.683510263899382481e-05
  1.085119361208012947e+00 -6.329043891619759218e-01 -6.798723951108908454e-01  1.348627374650565856e-02  1.348615976843267519e-02  1.084642288924446678e-05  5.437482051659915487e-05
  1.085487256595773480e+00 -3.699697678151837507e-01 -1.011381940520936862e+00  1.357425223536372206e-02  1.357417533506087809e-02  4.355317180640365230e-05  1.381461282502489778e-05
  1.084568712757616720e+00 -1.898446627010959385e-01 -1.236260207663094049e+00  1.363679116292706696e-02  1.363651457644298468e-02  8.071725308559476498e-05 -3.206482181565236452e-05
  1.083560592983804941e+00 -1.004340159143010707e-01 -1.347123648696218773e+00  1.366919567682417869e-02  1.366860226052924680e-02  1.086557907106267513e-04 -6.645760986244983806e-05
  1.083235458254912042e+00 -7.833978789071739820e-02 -1.374431464481063803e+00  1.367739588991547630e-02  1.367674631004304488e-02  8.387805668017037596e-05 -1.036010222356812185e-04                        10                         8
  1.081655884984955706e+00  5.500568465590576841e-03 -1.477703368452914322e+00  1.370938518617141538e-02  1.370799353052837397e-02  1.230455359477027341e-04 -1.517080943517564069e-04
  1.077080036476452974e+00  1.507187332217837481e-01 -1.654980624101165364e+00  1.376930769838500497e-02  1.376423904411245755e-02  2.364663204788317952e-04 -2.892087630310431886e-04
  1.066408199320834125e+00  3.152232655898429807e-01 -1.852005511858671315e+00  1.384977075842086243e-02  1.382279414358657840e-02  5.537730313629183373e-04 -6.632100380522792243e-04
  1.045108606958310351e+00  4.485103761665530593e-01 -2.004586714256692257e+00  1.394131733202072153e-02  1.370736564887760410e-02  1.690838603817493464e-03 -1.899873873685339627e-03
  1.009285865004039586e+00  5.120637900277304540e-01 -2.064961388289138238e+00  1.403394646149508305e-02  6.768505404328597369e-03  1.084163077599214559e-02 -5.796380766715112905e-03
  9.594954579006877795e-01  4.978024661885046556e-01 -2.025229884004000352e+00  1.411851253261036586e-02  1.063769606190801385e-03  1.184804995341997419e-02  7.604242411949107628e-03
  9.034178961879139463e-01  4.303616672004265239e-01 -1.919809208883841870e+00  1.418768521604532367e-02  8.393316519236345601e-04  1.158152416064583918e-02  8.151946533438923109e-03
  8.542808262562546304e-01  3.518465309662881389e-01 -1.805199405468811347e+00  1.423632268233886688e-02  7.802933317030101026e-04  1.151634275705657557e-02  8.332939177395121090e-03
  8.255769275171051395e-01  3.014272156282771438e-01 -1.733244254564516185e+00  1.426134010133314030e-02  7.600390680532702727e-04  1.149781278554940606e-02  8.402884222062212156e-03
  8.179518196599987842e-01  2.876402885179157842e-01 -1.713713673573098895e+00  1.426765038894116871e-02  1.359826492684056051e-02 -2.493015331708979087e-03  3.526742570187812466e-03                        10                         8
  7.867889673594849734e-01  2.299784918258691450e-01 -1.632554901937831283e+00  1.429218576299245258e-02  1.365471306064727455e-02 -2.436001063113648411e-03  3.446923836666842969e-03
  7.222585118082764908e-01  1.060042111606422149e-01 -1.460207638965173545e+00  1.433778571434672806e-02  1.373185104371176484e-02 -2.379143886849114598e-03  3.368685273145254414e-03
  6.229273294622835414e-01 -9.031610989373238336e-02 -1.191393942997663186e+00  1.439823339648378784e-02  1.379837961729881433e-02 -2.372063975609321207e-03  3.359636494049646617e-03
  4.929558631500869830e-01 -3.482931526371866181e-01 -8.439102023726864242e-01  1.446581835120220549e-02  1.384100786106169550e-02 -2.427316300971035231e-03  3.434317622912466499e-03
  3.455267913276896162e-01 -6.358654765818808854e-01 -4.638685200685956861e-01  1.453277042434443166e-02  1.385757223485821094e-02 -2.531742985101494538e-03  3.572028194146347288e-03
  2.009963676866214042e-01 -9.099670142049638961e-01 -1.101791109173797330e-01  1.459247919177529448e-02  1.385245987109636455e-02 -2.660795964108652754e-03  3.737642213942226440e-03
  7.977209055530660485e-02 -1.133740087465780503e+00  1.701605907178233113e-01  1.464018780235522905e-02  1.383499464437938937e-02 -2.786525058164502711e-03  3.894008240675122075e-03
 -4.661475723109358450e-03 -1.286776512053472317e+00  3.558139766484395081e-01  1.467305469682551501e-02  1.381642020255893889e-02 -2.883648300276057865e-03  4.011189275348337222e-03
 -4.716282185346960098e-02 -1.363167615945340964e+00  4.460591520849772127e-01  1.468972361553493012e-02  1.380529495751005454e-02 -2.935439047762054051e-03  4.072469598882953756e-03
 -5.773833148591400839e-02 -1.382130440766304232e+00  4.681644771379387445e-01  1.469390147684576318e-02  1.380830291229395635e-02 -3.276564943579066483e-03  3.808626191173538196e-03                        10                         8
 -9.817236809976009540e-02 -1.454541912699597548e+00  5.513432257678402792e-01  1.471004004802719713e-02  1.379834686942946828e-02 -3.325478948136490636e-03  3.864206471058578938e-03
 -1.696150197827019579e-01 -1.582709074762220427e+00  6.927902276677935340e-01  1.473956505796436107e-02  1.378153661123323873e-02 -3.413418482460565842e-03  3.958863598913001840e-03
 -2.538679213971041376e-01 -1.737020558473282037e+00  8.492093244792494899e-01  1.477767439167754679e-02  1.377518755864968206e-02 -3.502035357407204440e-03  4.044702276550791878e-03
 -3.279032088984264992e-01 -1.884127362527840295e+00  9.744631522211170073e-01  1.481870047560677313e-02  1.384428999459315186e-02 -3.445275991837616733e-03  4.007442035940592085e-03
 -3.723917810201269399e-01 -1.999369568827557514e+00  1.039915724989978206e+00  1.485740256179316352e-02  1.414900776077234726e-02 -2.589272548257207096e-03  3.720706645198405718e-03
 -3.808034078752447893e-01 -2.074567084105883517e+00  1.046146331383470894e+00  1.488995945109230081e-02  1.409736471658932364e-02  5.336550356318532206e-04  4.763445476289207667e-03
 -3.620475025646265826e-01 -2.115820058211334756e+00  1.016620141909862523e+00  1.491437057366792227e-02  1.278891053264642161e-02  2.360427925643654185e-03  7.301410617442265541e-03
 -3.343225838814167049e-01 -2.134911015509285316e+00  9.801468920828013201e-01  1.493020383999242462e-02  1.190794180117019679e-02  2.815737585242577504e-03  8.554737320030366061e-03
 -3.153487771357102602e-01 -2.141857348163541227e+00  9.572885464007998247e-01  1.493788368121901610e-02  1.148702641333791536e-02  2.949204131688639785e-03  9.082443946567306410e-03
