#                X                 Y                 Z                 r          orient-x          orient-y          orient-z         ChebOrder      FourierOrder
  9.9998831249e-01  4.8347585070e-03  9.6694040013e-04  2.9885083516e-02  9.9998876197e-01  4.6488208923e-03  9.2973157608e-04                10                 8
  9.9908414973e-01  4.2788570434e-02  8.5498765020e-03  2.9935339081e-02  9.9911914249e-01  4.1152501342e-02  8.2104041496e-03
  9.9339261565e-01  1.1476546161e-01  2.2801432419e-02  2.9991363469e-02  9.9363477957e-01  1.1051841927e-01  2.1808343008e-02
  9.7710051836e-01  2.1277823436e-01  4.1581144617e-02  2.9983280419e-02  9.7784144777e-01  2.0558446876e-01  3.9511127904e-02
  9.4563088813e-01  3.2524179222e-01  6.1511736967e-02  2.9847813955e-02  9.4697416806e-01  3.1603792294e-01  5.7965129924e-02
  8.9864269030e-01  4.3868133669e-01  7.8843555319e-02  2.9560582356e-02  9.0014069038e-01  4.2933832501e-01  7.3588995082e-02
  8.4137133484e-01  5.4045747003e-01  9.0945084597e-02  2.9153588872e-02  8.4215195426e-01  5.3265397904e-01  8.4022762058e-02
  7.8358609106e-01  6.2128321875e-01  9.7365777764e-02  2.8708848571e-02  7.8298623469e-01  6.1562053186e-01  8.9128654378e-02
  7.3671526556e-01  6.7620308894e-01  9.9633827648e-02  2.8331518593e-02  7.3472927142e-01  6.7227612377e-01  9.0651591938e-02
  7.1051720739e-01  7.0367982634e-01  9.9995325022e-02  2.8115591336e-02  7.0770590570e-01  7.0064844723e-01  9.0797050749e-02
  7.0367982634e-01  7.1051720739e-01  9.9995325022e-02  2.8058716479e-02 -1.3740534304e-03  1.3608307712e-03  9.9999813006e-01                10                 8
  6.7620308894e-01  7.3671526556e-01  9.9633827648e-02  2.7828164843e-02 -1.2546164690e-02  1.1615300767e-02  9.9985382859e-01
  6.2128321875e-01  7.8358609106e-01  9.7365777764e-02  2.7358777165e-02 -3.4884377045e-02  2.9327315338e-02  9.9896095460e-01
  5.4045747003e-01  8.4137133484e-01  9.0945084597e-02  2.6650520388e-02 -6.6579881760e-02  4.9691954533e-02  9.9654293886e-01
  4.3868133669e-01  8.9864269030e-01  7.8843555319e-02  2.5734521469e-02 -1.0293146185e-01  6.7451566970e-02  9.9239881110e-01
  3.2524179222e-01  9.4563088813e-01  6.1511736967e-02  2.4687279411e-02 -1.3736238518e-01  7.9315470686e-02  9.8734018010e-01
  2.1277823436e-01  9.7710051836e-01  4.1581144617e-02  2.3625477589e-02 -1.6437688991e-01  8.5217707099e-02  9.8270961146e-01
  1.1476546161e-01  9.9339261565e-01  2.2801432419e-02  2.2682747296e-02 -1.8191513472e-01  8.7254559128e-02  9.7943530959e-01
  4.2788570434e-02  9.9908414973e-01  8.5498765020e-03  2.1980659664e-02 -1.9123299853e-01  8.7657209441e-02  9.7762270529e-01
  4.8347585070e-03  9.9998831249e-01  9.6694040013e-04  2.1607174820e-02 -1.9494670682e-01  8.7675786101e-02  9.7688726987e-01
 -4.8347585070e-03  9.9998831249e-01 -9.6694040013e-04  2.1511662624e-02 -4.6488208923e-03  9.9998876197e-01 -9.2973157609e-04                10                 8
 -4.2788570434e-02  9.9908414973e-01 -8.5498765020e-03  2.1135357809e-02 -4.1152501342e-02  9.9911914249e-01 -8.2104041496e-03
 -1.1476546161e-01  9.9339261565e-01 -2.2801432419e-02  2.0415519001e-02 -1.1051841927e-01  9.9363477957e-01 -2.1808343008e-02
 -2.1277823436e-01  9.7710051836e-01 -4.1581144617e-02  1.9421975710e-02 -2.0558446876e-01  9.7784144777e-01 -3.9511127904e-02
 -3.2524179222e-01  9.4563088813e-01 -6.1511736967e-02  1.8262024080e-02 -3.1603792294e-01  9.4697416806e-01 -5.7965129924e-02
 -4.3868133669e-01  8.9864269030e-01 -7.8843555319e-02  1.7068231759e-02 -4.2933832501e-01  9.0014069038e-01 -7.3588995082e-02
 -5.4045747003e-01  8.4137133484e-01 -9.0945084597e-02  1.5973610705e-02 -5.3265397904e-01  8.4215195426e-01 -8.4022762058e-02
 -6.2128321875e-01  7.8358609106e-01 -9.7365777764e-02  1.5085129039e-02 -6.1562053186e-01  7.8298623469e-01 -8.9128654378e-02
 -6.7620308894e-01  7.3671526556e-01 -9.9633827648e-02  1.4469557167e-02 -6.7227612377e-01  7.3472927142e-01 -9.0651591938e-02
 -7.0367982634e-01  7.1051720739e-01 -9.9995325022e-02  1.4157297092e-02 -7.0064844723e-01  7.0770590570e-01 -9.0797050749e-02
 -7.1051720739e-01  7.0367982634e-01 -9.9995325022e-02  1.4079097305e-02  1.3608307712e-03  1.3740534304e-03  9.9999813006e-01                10                 8
 -7.3671526556e-01  6.7620308894e-01 -9.9633827648e-02  1.3777473569e-02  1.1615300767e-02  1.2546164690e-02  9.9985382859e-01
 -7.8358609106e-01  6.2128321875e-01 -9.7365777764e-02  1.3228855441e-02  2.9327315338e-02  3.4884377045e-02  9.9896095460e-01
 -8.4137133484e-01  5.4045747003e-01 -9.0945084597e-02  1.2532029823e-02  4.9691954533e-02  6.6579881760e-02  9.9654293886e-01
 -8.9864269030e-01  4.3868133669e-01 -7.8843555319e-02  1.1807609414e-02  6.7451566970e-02  1.0293146185e-01  9.9239881110e-01
 -9.4563088813e-01  3.2524179222e-01 -6.1511736967e-02  1.1166574180e-02  7.9315470686e-02  1.3736238518e-01  9.8734018010e-01
 -9.7710051836e-01  2.1277823436e-01 -4.1581144617e-02  1.0680348062e-02  8.5217707099e-02  1.6437688991e-01  9.8270961146e-01
 -9.9339261565e-01  1.1476546161e-01 -2.2801432419e-02  1.0366575534e-02  8.7254559128e-02  1.8191513472e-01  9.7943530959e-01
 -9.9908414973e-01  4.2788570434e-02 -8.5498765020e-03  1.0198113075e-02  8.7657209441e-02  1.9123299853e-01  9.7762270529e-01
 -9.9998831249e-01  4.8347585070e-03 -9.6694040013e-04  1.0129995486e-02  8.7675786101e-02  1.9494670682e-01  9.7688726987e-01
 -9.9998831249e-01 -4.8347585070e-03  9.6694040013e-04  1.0114916484e-02  9.9998876197e-01  4.6488208923e-03 -9.2973157608e-04                10                 8
 -9.9908414973e-01 -4.2788570434e-02  8.5498765020e-03  1.0064660919e-02  9.9911914249e-01  4.1152501342e-02 -8.2104041496e-03
 -9.9339261565e-01 -1.1476546161e-01  2.2801432419e-02  1.0008636531e-02  9.9363477957e-01  1.1051841927e-01 -2.1808343008e-02
 -9.7710051836e-01 -2.1277823436e-01  4.1581144617e-02  1.0016719581e-02  9.7784144777e-01  2.0558446876e-01 -3.9511127904e-02
 -9.4563088813e-01 -3.2524179222e-01  6.1511736967e-02  1.0152186045e-02  9.4697416806e-01  3.1603792294e-01 -5.7965129924e-02
 -8.9864269030e-01 -4.3868133669e-01  7.8843555319e-02  1.0439417644e-02  9.0014069038e-01  4.2933832501e-01 -7.3588995082e-02
 -8.4137133484e-01 -5.4045747003e-01  9.0945084597e-02  1.0846411128e-02  8.4215195426e-01  5.3265397904e-01 -8.4022762058e-02
 -7.8358609106e-01 -6.2128321875e-01  9.7365777764e-02  1.1291151429e-02  7.8298623469e-01  6.1562053186e-01 -8.9128654378e-02
 -7.3671526556e-01 -6.7620308894e-01  9.9633827648e-02  1.1668481407e-02  7.3472927142e-01  6.7227612377e-01 -9.0651591938e-02
 -7.1051720739e-01 -7.0367982634e-01  9.9995325022e-02  1.1884408664e-02  7.0770590570e-01  7.0064844723e-01 -9.0797050749e-02
 -7.0367982634e-01 -7.1051720739e-01  9.9995325022e-02  1.1941283521e-02  1.3740534304e-03 -1.3608307712e-03  9.9999813006e-01                10                 8
 -6.7620308894e-01 -7.3671526556e-01  9.9633827648e-02  1.2171835157e-02  1.2546164690e-02 -1.1615300767e-02  9.9985382859e-01
 -6.2128321875e-01 -7.8358609106e-01  9.7365777764e-02  1.2641222835e-02  3.4884377045e-02 -2.9327315338e-02  9.9896095460e-01
 -5.4045747003e-01 -8.4137133484e-01  9.0945084597e-02  1.3349479612e-02  6.6579881760e-02 -4.9691954533e-02  9.9654293886e-01
 -4.3868133669e-01 -8.9864269030e-01  7.8843555319e-02  1.4265478531e-02  1.0293146185e-01 -6.7451566970e-02  9.9239881110e-01
 -3.2524179222e-01 -9.4563088813e-01  6.1511736967e-02  1.5312720589e-02  1.3736238518e-01 -7.9315470686e-02  9.8734018010e-01
 -2.1277823436e-01 -9.7710051836e-01  4.1581144617e-02  1.6374522411e-02  1.6437688991e-01 -8.5217707099e-02  9.8270961146e-01
 -1.1476546161e-01 -9.9339261565e-01  2.2801432419e-02  1.7317252704e-02  1.8191513472e-01 -8.7254559128e-02  9.7943530959e-01
 -4.2788570434e-02 -9.9908414973e-01  8.5498765020e-03  1.8019340336e-02  1.9123299853e-01 -8.7657209441e-02  9.7762270529e-01
 -4.8347585070e-03 -9.9998831249e-01  9.6694040013e-04  1.8392825180e-02  1.9494670682e-01 -8.7675786101e-02  9.7688726987e-01
  4.8347585070e-03 -9.9998831249e-01 -9.6694040013e-04  1.8488337376e-02 -4.6488208923e-03  9.9998876197e-01  9.2973157608e-04                10                 8
  4.2788570434e-02 -9.9908414973e-01 -8.5498765020e-03  1.8864642191e-02 -4.1152501342e-02  9.9911914249e-01  8.2104041496e-03
  1.1476546161e-01 -9.9339261565e-01 -2.2801432419e-02  1.9584480999e-02 -1.1051841927e-01  9.9363477957e-01  2.1808343008e-02
  2.1277823436e-01 -9.7710051836e-01 -4.1581144617e-02  2.0578024290e-02 -2.0558446876e-01  9.7784144777e-01  3.9511127904e-02
  3.2524179222e-01 -9.4563088813e-01 -6.1511736967e-02  2.1737975920e-02 -3.1603792294e-01  9.4697416806e-01  5.7965129924e-02
  4.3868133669e-01 -8.9864269030e-01 -7.8843555319e-02  2.2931768241e-02 -4.2933832501e-01  9.0014069038e-01  7.3588995082e-02
  5.4045747003e-01 -8.4137133484e-01 -9.0945084597e-02  2.4026389295e-02 -5.3265397904e-01  8.4215195426e-01  8.4022762058e-02
  6.2128321875e-01 -7.8358609106e-01 -9.7365777764e-02  2.4914870961e-02 -6.1562053186e-01  7.8298623469e-01  8.9128654378e-02
  6.7620308894e-01 -7.3671526556e-01 -9.9633827648e-02  2.5530442833e-02 -6.7227612377e-01  7.3472927142e-01  9.0651591938e-02
  7.0367982634e-01 -7.1051720739e-01 -9.9995325022e-02  2.5842702908e-02 -7.0064844723e-01  7.0770590570e-01  9.0797050749e-02
  7.1051720739e-01 -7.0367982634e-01 -9.9995325022e-02  2.5920902695e-02 -1.3608307712e-03 -1.3740534304e-03  9.9999813006e-01                10                 8
  7.3671526556e-01 -6.7620308894e-01 -9.9633827648e-02  2.6222526431e-02 -1.1615300767e-02 -1.2546164690e-02  9.9985382859e-01
  7.8358609106e-01 -6.2128321875e-01 -9.7365777764e-02  2.6771144559e-02 -2.9327315338e-02 -3.4884377045e-02  9.9896095460e-01
  8.4137133484e-01 -5.4045747003e-01 -9.0945084597e-02  2.7467970177e-02 -4.9691954533e-02 -6.6579881760e-02  9.9654293886e-01
  8.9864269030e-01 -4.3868133669e-01 -7.8843555319e-02  2.8192390586e-02 -6.7451566970e-02 -1.0293146185e-01  9.9239881110e-01
  9.4563088813e-01 -3.2524179222e-01 -6.1511736967e-02  2.8833425820e-02 -7.9315470686e-02 -1.3736238518e-01  9.8734018010e-01
  9.7710051836e-01 -2.1277823436e-01 -4.1581144617e-02  2.9319651938e-02 -8.5217707099e-02 -1.6437688991e-01  9.8270961146e-01
  9.9339261565e-01 -1.1476546161e-01 -2.2801432419e-02  2.9633424466e-02 -8.7254559128e-02 -1.8191513472e-01  9.7943530959e-01
  9.9908414973e-01 -4.2788570434e-02 -8.5498765020e-03  2.9801886925e-02 -8.7657209441e-02 -1.9123299853e-01  9.7762270529e-01
  9.9998831249e-01 -4.8347585070e-03 -9.6694040013e-04  2.9870004514e-02 -8.7675786101e-02 -1.9494670682e-01  9.7688726987e-01
