#                                         X                                          Y                                          Z                                          r                                   orient-x                                   orient-y                                   orient-z                                  ChebOrder                               FourierOrder
   -3.0735032852312604061687308977693920e-1   -2.1440124549215193211566007919973635e+0    9.4804332412474958844164663168466239e-1    1.4940700180052750923978844513359600e-2    1.0572706949004350355305847112019859e-1    9.8703051603516612659122634755430224e-1   -1.2079961586197687897923236840729615e-1                                         10                                          4
   -2.5926286646179625756988030394330266e-1   -2.1513761905474795073753757987491094e+0    8.9650965263373467177100013637207278e-1    1.4954384133515182550750516770754789e-2    3.4049681734105398909111959906819502e-2    9.9823042372310642976854980067345928e-1   -4.8750798223142204340833266564159664e-2
   -1.4460230680618953660694795259506119e-1   -2.1518016920613431158910811384178531e+0    7.9662322706660128561661845311054216e-1    1.4975481260642430170647512920714852e-2   -4.1537387208305510842206217077862292e-2    9.9911075045403941894174228129046146e-1    7.2355919642741558750948908250658259e-3
    3.7011444292070255940171008287353073e-2   -2.1372971603081313240554146628343938e+0    7.0047728298725220642971053251721284e-1    1.4993906746022941697780909043954337e-2   -9.5719562601440135571043011622588229e-2    9.9513945727473355366016678931050886e-1    2.3134949974826724325713857393924226e-2
    2.2518498701173671128927855212832413e-1   -2.1111833190196965680625753274318785e+0    7.2001965864468544202890290327995043e-1    1.4999795202563631729728297845204913e-2   -1.8162649121490415543266518089619394e-1    9.8259143649461961145471775837737459e-1   -3.9062598689824244947771849415013879e-2
    3.1345877099740001599839403686966957e-1   -2.0609032138373869981258834143995576e+0    9.3710307080494584648694146941365051e-1    1.4987585644192398002027189107278473e-2   -1.8981432609260453448982198289295285e-1    9.5621717799708726793682907291187057e-1   -2.2275374320827274093888199612373674e-1
    2.3767402844482049253849101908744686e-1   -1.9509174317390055359501060331245784e+0    1.3016231623271240643045301516434157e+0    1.4958514570277717647594759657973487e-2   -1.2791938912084402185781895715341214e-1    9.0982229611520574567423759056325688e-1   -3.9479110853539364382203168512718058e-1
    4.0777529291555086807162009111099474e-2   -1.7714124051841699662376224832592454e+0    1.6678407024377561453907685145302944e+0    1.4920460748807939231047625472609672e-2   -3.1664520995983976945498596152483872e-2    8.3754126871182278221414500761245207e-1   -5.4545575559772504262500882859764083e-1
   -1.6739400854699945834198802570875100e-1   -1.5755488519085509922082352769312343e+0    1.9232393349651029733189041777393136e+0    1.4885185261817562805517099351469146e-2    6.2897701768605422896693951979627180e-2    7.5567490439134573032326968996304534e-1   -6.5191971743870276938200893482869055e-1
   -2.9306499249429860427355405422355811e-1   -1.4482470368606043423854136889362488e+0    2.0430715771647193436975857475875459e+0    1.4864082317326996754901476034254680e-2    1.1956226976567852952150676303235261e-1    7.0014886041715154476911501330995596e-1   -7.0391507790716001722588642318820919e-1
   -3.2638837375999204902247834352538086e-1   -1.4131036762313483145622847759658049e+0    2.0713698590308661611371426007656694e+0    1.4858427362386867072892251952836246e-2    3.3803154523321712008593971603022694e-1   -3.5965059362327555857666035564801725e-1    8.6970461935858946558805456478731628e-1                                         10                                          4
   -4.6091194428870372643632949185424588e-1   -1.2645382011754287149818588551141357e+0    2.1721841918415121890191860498663387e+0    1.4835126473821025010038928636516759e-2    2.7953743337964253026950240874251094e-1   -2.9240813315228899305506459984817858e-1    9.1452518117650273087004292289348627e-1
   -7.2307588850337659932046096145451326e-1   -9.3756926323371042739476298726617256e-1    2.3105587095864685819921252952786619e+0    1.4786003916118271749203794129323311e-2    1.7325117865344577676857455341008261e-1   -1.4608531474701669428106045406530127e-1    9.7398311582411780591938800005114007e-1
   -1.0585126227813342415281768012324489e+0   -4.0812830202250130503183094631360042e-1    2.3666099622652905756423188362891903e+0    1.4708203004340417414205317625917016e-2    5.7150484096957126621354490706396358e-2    7.6557428912888721015426457270783242e-2    9.9542593006498049566751312690862875e-1
   -1.3396448713750129582308205604226847e+0    2.7932239807651643487960588445252984e-1    2.2281096286399792086846662078733304e+0    1.4601890464921799306354031066647421e-2   -8.4431417190703646929073991341042780e-3    3.2183621146239213421476013934073470e-1    9.4675771259042094342122635364714301e-1
   -1.4256206569125869990788521950112595e+0    9.8267420393761611285702635594374002e-1    1.8968599554140322259718324887358301e+0    1.4473177288271746018206101151970676e-2    1.8480756437422969349522622728560125e-3    5.1315386060606215343658736722517946e-1    8.5829464635491531140793657810784518e-1
   -1.2786255407169645384218798194247845e+0    1.5338143801160762542844904964714233e+0    1.5069971518898377385340773890894721e+0    1.4335098651978453533113540337828286e-2    5.6954371187948966647397989180243071e-2    6.1956985859664007321916702101186246e-1    7.8287252469423446574599124955464907e-1
   -9.9882266167951438193910046537704147e-1    1.8547771293870639092008274044762493e+0    1.2051135869271730263675815824312533e+0    1.4205977624928708820736735863455666e-2    1.1016304409814471860142529954471611e-1    6.5966300589583915606589674284922085e-1    7.4344389322093183557668233506515101e-1
   -7.3401894312383071945936288325586889e-1    1.9872668233610118309884040154698630e+0    1.0402062056108686733054548500030620e+0    1.4105631898670383794234121302167485e-2    1.3885640780849487463633265485486127e-1    6.6908149159736086722796184465393010e-1    7.3010194878001228550438561657522448e-1
   -5.8345031820060614178583500465707025e-1    2.0222067186613747494293911380740118e+0    9.7826373095743779178962340570119072e-1    1.4050721776343377693424206510065240e-2    1.4888288711072768485265877214537204e-1    6.7064435731106297397700779292059518e-1    7.2668427252308523507946844588471226e-1
   -5.4451779093575904921118838735849586e-1    2.0273715503065264022361811145025937e+0    9.6545862686658409437509828569676453e-1    1.4036503020551294548210846391996643e-2   -1.0265624412327520840500317287948021e-1    9.9419912230570620479914123701198061e-1    3.2090508706874052022010565610277645e-2                                         10                                          4
   -3.9129523202308188034865396543649756e-1    2.0334970220144343105835449448847651e+0    9.2717545634821861699169349902402801e-1    1.3979764639018247417550020948476048e-2    3.3162532254822227994297540953847778e-2    9.9942745788933959252589462513254386e-1    6.7084179431674371978804361968176719e-3
   -1.1028716028360295446004586266698546e-1    1.9874356003705561294441543329822924e+0    9.0689946804218889361397570526962956e-1    1.3867900860598643015828228376953152e-2    2.8786729412655533567378887471870164e-1    9.5747634255002206324782370652747608e-1    1.9273671920215134824997231542970439e-2
    2.1123645273526881568835553511904607e-1    1.8235791779575044808370536818577638e+0    9.7929537794957228026578049523375390e-1    1.3705718035213579635116276659170519e-2    5.7233907940452996053222378972132246e-1    8.0783469712206293546286096852879642e-1    1.4082286856927745020218952549000897e-1
    4.2041134101477461038490962637804756e-1    1.5417404815583353481431452470975355e+0    1.1579206966461457258473788026373053e+0    1.3503389620236568317201953836484782e-2    7.5762568244620292449518653096923610e-1    5.0863316812707252629173905487567946e-1    4.0901787929006533661996248068446596e-1
    3.8699366030002788502980915979008049e-1    1.2271835891374078073046928301258891e+0    1.3469207110656573843311238533255131e+0    1.3277768239664814240524002184881153e-2    6.0691314801350567410006956306363899e-1    5.0184874312573527335029101362259091e-2    7.9318214122518400998229799709551255e-1
    1.1524333844650999767143310752424648e-1    9.8033075369592273102246383279066525e-1    1.4167111046373672986836183565930332e+0    1.3051703261682608487141566032383742e-2    1.2154598319965768543122720036187950e-1   -2.8270512975138513729041810916304268e-1    9.5147484653052233264339808764398981e-1
   -2.5873097846866723209534442970106098e-1    8.3822436886771726202656478179606451e-1    1.3335015320598131182409918631393915e+0    1.2851172534936196190371980027500365e-2   -2.2949928118128687108266926905489856e-1   -3.9721188479089688369485074067510387e-1    8.8856783563109906592701810633195949e-1
   -5.7896905925777207602198587481830664e-1    7.7568876386098301102501737512996086e-1    1.1804450165316191000426156783135354e+0    1.2701033296596478860984368561265743e-2   -4.0487821434716838417922521949288867e-1   -4.2926538762242886174588367555282035e-1    8.0734432464495238524396885276784296e-1
   -7.5394745143484585780235860622019614e-1    7.5477734775469056090660106609245110e-1    1.0703429963651239509275801774544230e+0    1.2620675564795820980198820730134905e-2   -4.7636861905920083537727449913553573e-1   -4.3772709640025562448987420402645467e-1    7.6254044342095804546278314078428506e-1
   -7.9860678544057346656140380620985296e-1    7.5058262610911380903637391076418583e-1    1.0393156051727386394846424008673748e+0    1.2600057684827786808148204424965788e-2   -5.9283241355464239077975276376061241e-2    9.9735800732889164569651550115434928e-1   -4.1982168968888362087383095421356209e-2                                         10                                          4
   -9.7258471023728272296033683382710255e-1    7.3791682553018278602860470851049137e-1    9.0686311706886521563660164039209590e-1    1.2518519714581231653699805456424665e-2   -3.7754980622096865257434543465370136e-2    9.9898850406289653970147320653379492e-1   -2.4423967499184770881756382735390942e-2
   -1.2872397814565094889856667809939315e+0    7.2617520426657189664324503782935854e-1    6.1664517064827709151353440971068214e-1    1.2360944961661484349166397738747901e-2   -1.7756854707184506485772204498760521e-2    9.9983564416946153080190970060518991e-1   -3.6576986133149134307173848496894924e-3
   -1.6517298463654560765459731516791606e+0    7.1903524601225935300674591587851311e-1    1.7345303459484377185636544888370680e-1    1.2139071087643114670858217445287267e-2   -2.0825578622148400376591309703658402e-2    9.9975051186577600583457653720501992e-1   -8.0752274996798260367005543335729653e-3
   -1.9293802101566721088014806124099284e+0    6.9069690479889415688072355903011200e-1   -3.2499123862879601576684432805966493e-1    1.1871529464176311086470422367819138e-2   -5.3775597428328215228622779575155093e-2    9.9461810966348340145325078420003398e-1   -8.8560719569486822186040623185407108e-2
   -2.0186361591810336682679626216311700e+0    6.0575428686335483976767528094580400e-1   -7.1325789315489618011741042816017326e-1    1.1583348689611997829486327238787022e-2   -4.4286425931260599733142774717777262e-2    9.2301643671341201334708196559328266e-1   -3.8220330981705384008950360528470950e-1
   -1.9279272793975746620750971974577687e+0    4.6262375638132099154152746013882044e-1   -8.8489352372926857343770355121338085e-1    1.1303713713554541144520120723230812e-2    4.0117385211583939887531066125275884e-1    6.3941305509757845582275254749300909e-1   -6.5590432636880793651075660343196437e-1
   -1.7525874073640960385164924789258246e+0    3.0129916024045607864802176031829342e-1   -8.7327621494842134501489979197724585e-1    1.1062302272443037896495464245592135e-2    6.3126248116443877586634435624861297e-1    4.8547302400183037571588558021270299e-1   -6.0483354969829080047084929172364062e-1
   -1.5916909478503290664117396302009927e+0    1.6988264831821901825683603222831418e-1   -7.9116792321237332904595187540088202e-1    1.0885226860043565508147705699387836e-2    7.0063221536634332699107744579784070e-1    4.3457421663785500027767557958422726e-1   -5.6591496624885665930758127514872602e-1
   -1.5014550819255666034592989711145332e+0    9.8429321679853343840551921897243393e-2   -7.3056325224417050331326383049523426e-1    1.0791655254991253280528739212537373e-2    7.2200283204470975244997049655887110e-1    4.1821131252616137856203827986388101e-1   -5.5119071889370925350408960755633130e-1
   -1.4781781613012985248851251912317049e+0    8.0118928922663743902079640922819252e-2   -7.1377045924322461785259030493283561e-1    1.0767777136170853956139644703667923e-2   -3.9141186901838583768578322655089256e-1    3.0762067958955007860701712251406178e-1    8.6727519639408420965734401323448207e-1                                         10                                          4
   -1.3864405729401412078349603426182805e+0    8.1613268493690894676181797000571789e-3   -6.4419086692163249777078014738672989e-1    1.0673852994037287916775246028426125e-2   -4.1226666722874064260680841231690716e-1    3.2396623739398623792852368680654563e-1    8.5151751134130540513516697620866685e-1
   -1.2147070854397448455276996897327159e+0   -1.2699506592466638606601267490531501e-1   -5.0639498603901557949467025089842521e-1    1.0494556594330737003419791074659637e-2   -4.1951987213469028642261940810693282e-1    3.2971766094346476175688521633306269e-1    8.4574779984701321395759538750174522e-1
   -9.9572475587259656188988651003933752e-1   -3.0402620193141168037387190011763791e-1   -3.4283841000539718114064886626590805e-1    1.0246769957706681361902147633761313e-2   -3.5096738725937749694111591793472280e-1    2.7283293997522508176514113583269969e-1    8.9575894075627365395017106582057257e-1
   -7.7327361214699513304027510443330004e-1   -4.9478738086095939038510026899988580e-1   -2.5004587992858931460594783672345069e-1    9.9547459126520502760730135771943788e-3   -8.4281021183497557965515561357181408e-2    3.2690939860527475785535770467185349e-2    9.9590562400224561223869418792943548e-1
   -5.7197526634771586722206973071268806e-1   -6.7856217599073165774432885435607411e-1   -3.0542415870546842347369807815913184e-1    9.6478786546573678544122522116153016e-3    3.0112325735270546782450534648965237e-1   -3.3184789390736562846083397093219652e-1    8.9398084945402612277290632869210021e-1
   -3.9064977867926614439154689737258425e-1   -8.4274353973126034584232485555624392e-1   -4.7879927725998853828489518543089683e-1    9.3572455707320377137441893389682104e-3    4.5617019999470010873548853917479598e-1   -4.6847783715684214943417475331677534e-1    7.5659583975174129558738720684941332e-1
   -2.2977727509488012618145374619026890e-1   -9.7219105193947241631403165510979005e-1   -6.6096503653190513324580268394592740e-1    9.1117061187645067040745154049193367e-3    4.5571526040017308837149615208796213e-1   -4.6814480702070991184740706196547742e-1    7.5707598105998892497014276018311346e-1
   -1.0628879115886165436681920150200080e-1   -1.0541864477279291748349544326593310e+0   -7.7447377652395042905216099244001040e-1    8.9346526586504883126832550239714720e-3    3.7597323068580820438449148170802348e-1   -4.2235336934320368727818574031993029e-1    8.2477982590029408389393234401004875e-1
   -3.9709581071139478255890780727854897e-2   -1.0905564339847590984735491398204506e+0   -8.1794988136757929991139655262150463e-1    8.8421126089870242359020179188501007e-3    2.8688750749446654840419381518874538e-1   -3.7932340122571769898981006722342106e-1    8.7966431968459740891759116497722810e-1
   -2.2664676999927507135233665106673414e-2   -1.0988645532889897893295241705647414e+0   -8.2666589143033666979832394957145879e-1    8.8186094784489794363849580012656955e-3    3.5456798808133816828654064178558852e-1    9.1937358114347199295127084990941716e-1   -1.7039295796299726703456008472753561e-1                                         10                                          4
    4.4229844815399086611854965010592786e-2   -1.1270684836233379509354771968757888e+0   -8.5021197627036287171200429011789109e-1    8.7265982636437693030480217285623314e-3    3.0800458968110931140903228851296167e-1    9.3776330928292368924606138389408213e-1   -1.6041554942745139120010467675677389e-1
    1.6839046681526712383433733829961913e-1   -1.1568813572229880776835506457752672e+0   -8.4082442130182411982094899360451337e-1    8.5528764686798264680685597959731741e-3    1.7852310396415831554022766879526922e-1    9.6004606572173564710706181194940061e-1   -2.1550186320127062894874080537531178e-1
    3.1919642346763399111352449468119641e-1   -1.1300696490124164461647316962678195e+0   -6.9494165004501932525965405125560257e-1    8.3169003386846429230193271418189168e-3    9.8260090995658606625019751739469750e-2    9.2768538988907316233156638369572576e-1   -3.6020101596731123563877955076093895e-1
    4.3581627898233322119152485438537150e-1   -9.6862574307041582455492917436326435e-1   -3.2787420156482277432417382936304788e-1    8.0448518856971914899753523227424253e-3    8.2011688934918720247076083089967607e-2    8.7789766283474350425861645830844799e-1   -4.7177301371246018328771268480183974e-1
    4.5012369935122287377144363334504984e-1   -6.2821833219823497783281538549725699e-1    2.2156078804749175605314863271983540e-1    7.7660159025432095087302027764400632e-3    9.1106898882957835594961651497959705e-2    8.1310324863390567606018052945040625e-1   -5.7494577138798008871342873157964640e-1
    3.4155221012071131057650137708153600e-1   -1.5983201982002358328430812969677356e-1    7.8059580545985177943891766027014092e-1    7.5086309631821710336771769647547913e-3    1.2236599242923286107593281172354310e-1    7.2611648711250485194531708954381982e-1   -6.7659545597070373864819201826496641e-1
    1.6177806674800086879904744585740336e-1    3.0550461616794417991722233871523910e-1    1.1798806324933509670967385332412169e+0    7.2963446560999940850876802301514277e-3    1.7621836458373855693323435123806454e-1    6.1725993542884902058029400074566604e-1   -7.6677066982103960385828809006202834e-1
   -6.4709666985744745528307484112529376e-3    6.4840792690097084504659128787333204e-1    1.3789946962384580321570187744397091e+0    7.1462679325801763387136035757353592e-3    2.4210196837194673521803039858235567e-1    5.0426202547147126046231887580762065e-1   -8.2891884197298722786401442704693397e-1
   -1.0289150897790199194376924517781240e-1    8.2048703222656995318371903334845330e-1    1.4441663147933615263089097705726992e+0    7.0688478219891836652129002199590634e-3    2.8941946845079267013144312532877177e-1    4.2765703191486507811215473275763013e-1   -8.5635613755926844427430593037738014e-1
   -1.2797735665174275159464505958876533e-1    8.6276459150334019384062738179633862e-1    1.4560269851479124568197066332347302e+0    7.0492978183015018357129761107589825e-3    1.1179146343532565203318625460366557e-1   -1.8619397093112924298887707139545593e-1    9.7613240592241688276797449239480954e-1                                         10                                          4
   -2.2751294956451794841585478199884745e-1    1.0208881939629149497333820259186435e+0    1.4833046595026532654052964362269789e+0    6.9732074041950016256890635182304200e-3    2.7566806337187971343765951633640759e-2   -5.9030566007113703981279741942706427e-2    9.9787547492923572961514510690576773e-1
   -4.1484828747469296026664329512349433e-1    1.2764216700973718283666598620254370e+0    1.4486790324732205758487817430992330e+0    6.8315077824649343065016020665877254e-3   -2.0742103080066747428442032443467116e-1    2.2281709655785495262488318237178799e-1    9.5253821837400104267234693682910380e-1
   -6.4448703635025282811496691937485520e-1    1.4963511718168265340274493281572780e+0    1.2233980145938220292928790264084089e+0    6.6432673857614443362530338178535565e-3   -6.1798254392280395238877822772288151e-1    5.0682867811765085914274027423053258e-1    6.0101769228884963079095374696297545e-1
   -8.3137885571029322320240766773476450e-1    1.5116172725782270080300956119175471e+0    7.5106859970622247860474510656096973e-1    6.4326114356831446163400851113181368e-3   -8.8014467387158776644447504844554085e-1    4.6359700179934586308386955499298350e-1    1.0209394192670650059229869299289733e-1
   -8.9809491075272228837542550428395122e-1    1.2312492719449505311146602876789016e+0    1.4129245557821199462129760378855802e-1    6.2242569781505752338252190340564370e-3   -9.3802336222553157972577989931518635e-1    2.8391365714798773071626265118764268e-1   -1.9875916885508464509018389540938311e-1
   -8.3921509402243098102243446767500969e-1    7.3425205914278955903216020840846282e-1   -3.9158315370325015481806445779144223e-1    6.0393047071712611423170065882740250e-3   -9.2962049655804818580529755554555952e-1    1.0599438050101217528256480741845770e-1   -3.5294606341674158286389522140407697e-1
   -7.2068023550788339011045599481416610e-1    2.1230168346180438163673422723855899e-1   -7.0588404120489451891077792384454624e-1    5.8925902108475339477416206890224042e-3   -9.0328501720492172226131874314520640e-1   -5.2069210074513008755865605904366721e-2   -4.2586966909527673147007573705851984e-1
   -6.1564914104917131352541355320770472e-1   -1.7571457785804182920684302763701556e-1   -8.1924234390401712404258270687941424e-1    5.7923380446289226323645401364825379e-3   -8.7597186017527639990528796174132956e-1   -1.7613083102480039108902711984308136e-1   -4.4905593253355335658101875086228854e-1
   -5.5987545740829259796643672410335402e-1   -3.7046554922036943663216566081780498e-1   -8.3585512701626135509843245920722507e-1    5.7418243831328298455209523184871442e-3   -8.5839708807880299440693032796123980e-1   -2.4486290123727535030665232356388113e-1   -4.5077333414421939591013656308977698e-1
   -5.4597983401180563837164205384037583e-1   -4.1832206839653433066241191033975476e-1   -8.3529941333759223772034525734343212e-1    5.7292038171357358034958871528038450e-3   -8.6007765567532725476487278033988969e-3    2.9563472032079115652439553874724980e-2    9.9952590149731951768502502875190383e-1                                         10                                          4
   -4.9362963957402911829002563180186426e-1   -5.9751909589166327888609235487586192e-1   -8.1460056429271935429750217906330810e-1    5.6806182795143386704413099902005338e-3   -5.4274058409483186699024747860966406e-2    1.8569843947693636536966289022894879e-1    9.8110673025904506280623279888892970e-1
   -4.0940527080456787071516542159547735e-1   -8.9007082167462332797159942144230034e-1   -6.9802173177285338812599399590984666e-1    5.5925133139162799751840454368890025e-3   -1.4313050776162624695544116565611950e-1    5.0467385402833500800703071850155091e-1    8.5136241331649464432511693635230550e-1
   -3.4352830306507895834397470366731180e-1   -1.1614579279772267757500924542711393e+0   -3.9999116062539084136195594917215936e-1    5.4806665444991445636677763060426943e-3   -2.1153761218933550109962911327836268e-1    8.5944890996253295778254601547170619e-1    4.6540241704727771387042978451146143e-1
   -3.5922625005176859171988262742240920e-1   -1.2638312792179217757613956521971986e+0    6.8823127956346453146359830415983213e-2    5.3634735561284749847846701389784043e-3   -1.6578223366030293186554096244134056e-1    9.8517164967028094174768233798681794e-1   -4.4193570669702157059451673979286203e-2
   -4.7827074253560899031342190840952880e-1   -1.1494874788617760659985987586740786e+0    5.5775433801694956634214499534082393e-1    5.2573207016387910648457433706293067e-3   -4.0697802458747400774975749035491203e-2    9.0129896283938954616518415382776201e-1   -4.3128165792167590855981755294722420e-1
   -6.4941253311181823262954139325558996e-1   -9.1468144600989282068366566400896167e-1    8.8311668769967297065003704853207170e-1    5.1729584057012904774764357713172592e-3    1.4663624190725371653451237290956311e-1    6.9817510929771914415507156850872144e-1   -7.0074912009679705055025673331348973e-1
   -7.9372619910043013178473857782805044e-1   -6.9954246974141043445446305238765432e-1    9.8152149368789243023153541437710498e-1    5.1141516722310794662212941088547475e-3    4.7597903964263744754177131018630273e-1    3.2736105888540090656240831703637366e-1   -8.1625896071424640093836502810058395e-1
   -8.7304753709878351988935435346156788e-1   -5.7177387015248231097490297396143458e-1    9.3420488772250882635029909372176755e-1    5.0789865468323083393929331771093993e-3    8.1599032872914731411504228183529011e-1   -4.6474207348515032860732196899415158e-2   -5.7619435216932258193025781887527411e-1
   -9.0053989707350590451410241451478007e-1   -5.2113899575185836876002875235433591e-1    8.6942719900860830872065444481205740e-1    5.0630695814864138331653884121068474e-3    9.1513131853449397424337378754273295e-1   -1.8405139532086641794880682961482606e-1   -3.5869172518718727298109061909720588e-1
   -9.0567455894477240963759307901074513e-1   -5.1035547160758641856371381539610080e-1    8.4871787090678000789583350371236543e-1    5.0592998199472494923547897210740987e-3    9.8093306412751125379668056693593646e-1    8.4087293688803685129372105709873798e-2   -1.7521315801475861237729370029086316e-1                                         10                                          4
   -9.1779383773123919007427204300916145e-1   -4.7678491360411832800678918668655211e-1    7.5169121678844280712281195183280644e-1    5.0456158664848178655831174636789128e-3    9.9799750644593460369759386272432793e-1    5.1079078881186209046479913314136646e-2   -3.7308240756517535870378762133917124e-2
   -9.0211186915829383457439615042463230e-1   -4.5218654390359370593212658683457558e-1    5.0475208950888055194929222849545078e-1    5.0245187393575702456861213137188465e-3    9.8753496108594197200292339719013367e-1    5.2295865695168325599024693982922700e-2    1.4845821992796489055378861009677593e-1
   -7.9087762963262903311686981828115489e-1   -4.9312279245701010731431281181170545e-1    6.3318678595400814916795465569978169e-2    5.0060932539770587185527251904793643e-3    9.4789081174518723605826463812111155e-1    7.7543997124631011926274221884392538e-2    3.0901446166641655855546238892154291e-1
   -5.3283931427815325076887804341955010e-1   -6.0026362175015947940930256353183296e-1   -5.2778016008728606406824496595618159e-1    5.0002047974363686866053363892287919e-3    8.8550762593634676114086898920735117e-1    1.0399355044047625489697905529085845e-1    4.5283726202175445732786484424764083e-1
   -1.5103431210415505788231703936461438e-1   -6.7157101415800471876423208552568710e-1   -1.1237756103076849809067742100191407e+0    5.0124143558076024143064451271552265e-3    7.9102356448137455558007023842386812e-1    1.0699697677135337623471756099854225e-1    6.0235651187396582892812762412285766e-1
    2.5544534319551843488748869080144982e-1   -5.7962341223902048399947595320358131e-1   -1.5758915259936358223023561435667494e+0    5.0414854297222827687388745764602139e-3    6.6861167093780952376858762546099585e-1    3.9534119000157872726822939131931688e-2    7.4256008977094350148286862276387865e-1
    5.8309195605412059376543649534351957e-1   -3.1183480159686443585519938990806308e-1   -1.8313617518377290870931518585940399e+0    5.0795392511920611852860087618240320e-3    5.8577889160145892323028845090347579e-1   -6.8456461168459819855381143674684830e-2    8.0757464241917439576711128092190444e-1
    7.8776605222960972381440517473171519e-1    5.3684900601210256155344321496698991e-3   -1.9348953287643008424825232503732111e+0    5.1148147381824376108165348829645548e-3    5.5732823126258662328248287580124055e-1   -1.2748186095577200211107114476649037e-1    8.2044720595841508198709930074223388e-1
    8.7967996162455684950683370496234906e-1    2.1195115898857314552334095916008154e-1   -1.9619997834937855027000879911755590e+0    5.1359176826730036614321582001790224e-3    5.4954095616048225187462803169606736e-1   -1.4774313814075842990564177054240952e-1    8.2229964285201030084338409511771344e-1
    8.9586002007940806671793235971335254e-1    2.5431458442073790508599702939435313e-1   -1.9651068358094692781403109117408411e+0    5.1401482468691243320906006866344769e-3    2.1215187026152724229759959739821522e-2    5.6935745165771845877285068135138289e-2    9.9815241158946445186920607720049427e-1                                         10                                          4
    9.3602869295902247166696637132402167e-1    3.6935916905697185972143709246290987e-1   -1.9701793717679350392605345226501866e+0    5.1515246715677189501029390785978244e-3    9.5751849236963364006254649044250037e-3    2.1324677349296473644557222184902102e-2    9.9972674965193635170104560277448317e-1
    1.0034286232741466642495349994761939e+0    6.0357936800251801287194864059434641e-1   -1.9679841240555776931673799601760266e+0    5.1743686589698217534331038919847380e-3   -5.4894455245434429476339836996330812e-3   -3.8494571023744302458433936857573404e-2    9.9924373102338299107614664212493855e-1
    1.0762294225648829794791407970189451e+0    9.5389716868697521395076481115371329e-1   -1.9411314383807812130933420863643825e+0    5.2083814407762806404273064400622201e-3   -1.6831964451241575802112563410947478e-2   -1.0607003874552434689621966393274395e-1    9.9421618969580006719625719740735728e-1
    1.1319105788640214626364201557103167e+0    1.3948752114973255208822181760348946e+0   -1.8778607446866910216635045695473694e+0    5.2521476655761978996438018419506510e-3   -2.2494157467265825572719433238969556e-2   -1.7015705026018002524801957973773103e-1    9.8516018551634150878456819550750491e-1
    1.1568710802601399383794992552726887e+0    1.8732326279220934137554997736749480e+0   -1.7797434568948222761443673738096658e+0    5.3025349486906138952253100027807705e-3   -2.3579691318693261566281970348586072e-2   -2.2808569418356497969211151625140825e-1    9.7335549223606706580931189266073965e-1
    1.1516625615700509494502408269278967e+0    2.3212448836913551271647617163823543e+0   -1.6618905773284872710711616247496485e+0    5.3545683685558943621874565133310214e-3   -2.1439124713311437468873410286306332e-2   -2.8151742469234970633079739666746530e-1    9.5931658149232169447179920585248401e-1
    1.1282776166543225085694956078274075e+0    2.6816166447331089127897741390418108e+0   -1.5467295240775272038420679799685101e+0    5.4019526441663140899408352871695671e-3   -1.7099485377973150773683395390905375e-2   -3.3080370755844727505075803658961031e-1    9.4354465430386164400182570534222103e-1
    1.1023326144448525729551566177398464e+0    2.9243001481207015510634478198876898e+0   -1.4562823541091247422904021714090851e+0    5.4381618121050251124501978901207173e-3   -1.2049071530588175987106518522098501e-2   -3.7158771015238171617910964169818505e-1    9.2831966129074327796690684338876303e-1
    1.0862083967033836506942688992476213e+0    3.0438047429419036800672515176454348e+0   -1.4068634228506263333834783968185033e+0    5.4577952167876985764535924887277884e-3   -8.6037985351940287464798607178468060e-3   -3.9551333180328931428721664884575476e-1    9.1841993609493634866508005112357190e-1
    1.0818638775313837797736160374615406e+0    3.0732568869527782400134886498252162e+0   -1.3940967453684161469460102279069788e+0    5.4628609854239336904217968191582051e-3    9.9067758670772774703445961657007874e-1    1.2479557205462203904645823345656106e-1    5.4625858258815580171756398182230312e-2                                         10                                          4
    1.0639733701662614514607714703722782e+0    3.1847920867134002242621979680106483e+0   -1.3433289478897603940558669541410771e+0    5.4830075401409961175033606532976150e-3    9.8824576335261417406874338084973641e-1    1.3984465153109129231784843381422917e-1    6.1755847122005781393482049263706263e-2
    1.0269219265681911904217229535823298e+0    3.3775084153549731233197688240593839e+0   -1.2443516854139990711306534105778370e+0    5.5224502258630810261044833164772711e-3    9.8265323018196000513638866634870914e-1    1.6838106105768507001511715919875353e-1    7.7720315812843033128866880336843039e-2
    9.7186105116388325355011112069074559e-1    3.5967388952756873483973853131050781e+0   -1.1044015881544402179960787806141515e+0    5.5791225041404165008566904294752924e-3    9.7237973026834680996737204943623371e-1    2.0758275075854416546073930034237639e-1    1.0671017641618457366676769791205495e-1
    9.0597340308378788175184854138920469e-1    3.7800088162890327012066329577592217e+0   -9.3713484235987089825185695186565243e-1    5.6492327871483175105769850054571929e-3    9.5537990150309467347926648720260439e-1    2.5023829343367120464616206481770359e-1    1.5693960718486900471316993446638304e-1
    8.4164791870953655942478421430638230e-1    3.8821953196604621629275745553951713e+0   -7.6160073535921687440467149346869468e-1    5.7269539994564026092463345047009411e-3    9.3320427452062880173776921606880387e-1    2.7485598438092077117027797707745602e-1    2.3148211565134338669995286738672900e-1
    7.9081103837054216622299265836989530e-1    3.8951427888120980368274161273155027e+0   -5.9836866269598986184960832200198771e-1    5.8046124402583533596795124237708874e-3    9.1767401908765787346050603065048454e-1    2.6505612972422354076502964562077885e-1    2.9600615329266470318856311917811731e-1
    7.5894610747021706239391958076232492e-1    3.8468135249420153196142610515166434e+0   -4.6480949285854285420242159422109983e-1    5.8734932299324161850254643468604971e-3    9.1304965423636101725418022266459163e-1    2.5089837260082637815485930823687686e-1    3.2154367592151223845485474694433344e-1
    7.4370000152561569668733222446602965e-1    3.7816671687164409038038600473943179e+0   -3.7204273418414986449650928205700112e-1    5.9251386628787616225777753127771159e-3    9.1250962719269500328081089304152106e-1    2.4725954700299024584136662381260542e-1    3.2586637859178543545733146096102278e-1
    7.3860985230854829933036547300664212e-1    3.7385718353680250178976491612312707e+0   -3.2501788112422427876630468088705077e-1    5.9528240487627888131157328722324042e-3    9.1258035040463749042729151196538174e-1    2.4805541011811435115317990421855044e-1    3.2506248255755868902852207150282853e-1
    7.3721970133863749975427033938499876e-1    3.7206554731239740895438137301235738e+0   -3.0740411649945474037586005108802688e-1    5.9634969794487058681227878424370580e-3    9.9881389857991059342081032322434269e-1   -3.5176552368600377521822160134209480e-2    3.3666098185848478591138853043415911e-2                                         10                                          4
    7.3510485550336738405672316404802906e-1    3.6153166601782677125175949301733827e+0   -2.1867207562334153347085988448446286e-1    6.0202353609817529987836132859576546e-3    9.9985336785194654224776496607204034e-1    1.6373739743333949510784971149767045e-2   -5.0143236769916461499786701932250463e-3
    7.5584146052167624594432067743028936e-1    3.3756602551843147507731787508529428e+0   -6.8695922940818370349911330381030125e-2    6.1320991394013574005054058574805466e-3    9.9187798864571620605922340388904663e-1    1.1385030256242438295511810298395264e-1   -5.6711235629043536062951989166844876e-2
    8.3758619150403736057528748765882948e-1    3.0181254801917664859100913831824040e+0    8.7434151657845192250459221837425148e-2    6.2942819647864207812173575752631869e-3    9.5708928347689237417225623195989655e-1    2.6760411494968317797058583886859189e-1   -1.1121214464115644460178370655873065e-1
    1.0044995125935538435948344257255353e+0    2.6639027968043095441565801528877903e+0    1.7880787270186783336378730221590814e-1    6.4966103797634320991316803979489163e-3    8.1694245128613358192645250935017189e-1    5.5622254448315343630328058077782549e-1   -1.5238606332368343012183199958219297e-1
    1.2405884738300695448551346312188843e+0    2.4697824505093010654992245691977000e+0    1.5351867519927734479494012357155433e-1    6.7222317603351861758096320495525495e-3    3.3237786211075998501491249005090055e-1    9.4193876000972809530885658760035753e-1    4.7710891524016629866066388283488829e-2
    1.4929006500040526815363841243022515e+0    2.4778921298026338154158799626081140e+0    1.8462673655231415772242177602462803e-2    6.9482967383173919291920682020499606e-3   -5.6122551951006376840702774800140408e-2    9.2880617464211573741185423411189679e-1    3.6629134457312281848828425813541491e-1
    1.7040360481233883871642918611592356e+0    2.5868466447478941244869173139366596e+0   -1.6198318173034624828447755158543323e-1    7.1488274650638042259616542069333355e-3   -1.3118698441834525356691946861127826e-1    8.8676543597901237258995492611575924e-1    4.4321218019383554481332629081840349e-1
    1.8427137730311138920352817052820463e+0    2.6795304379197169436472191426278943e+0   -3.1446639594051600282858232605930170e-1    7.2989667034035215553492656731679558e-3   -1.0075873424825957933032366322353630e-1    9.0795713221746206664116092394094116e-1    4.0676961972120128991854659470726690e-1
    1.9075258921093335448106273996221908e+0    2.7190419542761269261308541564773661e+0   -3.9688067013619984354323429009022101e-1    7.3793244352041794361348135042987930e-3   -5.3463400875278896730767267591541212e-2    9.3728258635893124422390786739957648e-1    3.4444595813445368690792149969454330e-1
    1.9229466086282971152824686904839996e+0    2.7271838263520112968918105749376734e+0   -4.1778470625617819821065964793465690e-1    7.3999423151722136081854298094679175e-3   -1.6788461534067992371888949451567951e-1    9.5845081415196239805918354898941014e-1    2.3062261984322434403503603725105502e-1                                         10                                          4
    1.9786950993004776775288520086149009e+0    2.7491151631001144770947511032575232e+0   -4.9858859060506632694575668749162160e-1    7.4814802854187687626338287780090345e-3   -8.5966109338226932231172861200037485e-2    9.9080301635046550573365898087674810e-1    1.0449502780547596919801013087924860e-1
    2.0604053102494913699061520185885153e+0    2.7322949797481858477600389225919016e+0   -6.4109872002620381841324139914824766e-1    7.6390550383385160671672364956858011e-3    1.3891537017308653533100157508047676e-1    9.1771974523156754751425814535661430e-1   -3.7214646194983648320796355336697042e-1
    2.1093977032905853380658536376497802e+0    2.5386381142581115248691881677792264e+0   -7.9469427350019367415280268795377551e-1    7.8609289123568857454754167891464285e-3    2.2083490084639015771813222589972470e-1    3.6245046167993736542857763431657427e-1   -9.0546209716153512940059185775619720e-1
    2.0533715050272093068415329699864430e+0    2.0056150407060713568669998417841857e+0   -8.8620333926479099349400757499481935e-1    8.1284705358236893298632118666145615e-3    1.7156176386354135218196164331665210e-1    2.3683012944859675005535559053754741e-2   -9.8488866176735128749861892212394837e-1
    1.8447538207514746040111179663130712e+0    1.1010549818893476218355096112548754e+0   -8.7119168946986144971579168988776893e-1    8.4166513103880025868473069956466785e-3    1.3920485977524093811627464803157530e-1   -9.9382213338030412727555792339056683e-2   -9.8526401674220789405878453015602315e-1
    1.5023996873540415971964848529771688e+0    1.9543313087716214187789761311359510e-2   -7.7791611302157944386174879128479300e-1    8.6962862864454592718135135112028871e-3    1.2331194127824910540669629739609261e-1   -1.4413518964663424838230886728713465e-1   -9.8184480048718413720770966310975738e-1
    1.1143644720817527268872394136882340e+0   -9.4113431486935022890010464880829008e-1   -6.7756506271368172640507127199418644e-1    8.9376977275569625198381699888415675e-3    1.1862257005283505267642335061796119e-1   -1.5448688924686278861435980160965255e-1   -9.8084784086263236827702707309611699e-1
    7.9052665843074603431434681094613713e-1   -1.5894841340999325765147545184278865e+0   -6.1601561324192728214019273982535941e-1    9.1147731399564349081859285350458598e-3    1.2148428305465599738175146359286698e-1   -1.4931298118023050630404722767497921e-1   -9.8129873260988590371409539101646367e-1
    6.1087836517068098912123914792680920e-1   -1.8964067594384642572087528393994524e+0   -5.9295505925305759821867989455057533e-1    9.2083447450087471358048950218963241e-3    1.2595933847014106591236478687627559e-1   -1.4213074007265676399349936112723193e-1   -9.8180094610799969510283499499423906e-1
    5.6443861831834102124424678054485442e-1   -1.9698718770211874931551556452576762e+0   -5.8840077534152585072183952402003557e-1    9.2322228638291464601939895307657742e-3    2.6748390010686567162311003912929314e-2    4.1625798320445932716666458100395899e-2    9.9877515815423731614808674350840842e-1                                         10                                          8
    3.8046009318142071358864268449912489e-1   -2.2375013462205138439352695034458563e+0   -5.7637257890033554713106844619739804e-1    9.3261470059627124995583882060075734e-3    1.0984169905087900369267266548292738e-2    2.0294137830739162406991386742585440e-2    9.9973371253609484489503881003506119e-1
    3.0199134469531028753608735198798770e-2   -2.6431016815588061339901045505728417e+0   -5.8222131609282333858615460733600607e-1    9.5054434056692634129138431597740686e-3   -4.3740645440768212785215729243960806e-2   -3.2163477266719161665703028484906068e-2    9.9852504558801039752588010288032694e-1
   -4.2578605419591040104747970788449445e-1   -2.9515456918496383857162903044495198e+0   -6.5574378791404476042063434584230645e-1    9.7532300422933190544314866006723866e-3   -2.1386887122212648700086017441130982e-1   -9.5397629102657116587838371246033612e-2    9.7219308693477415865579691426198241e-1
   -8.6976295687460929447990356342945528e-1   -2.9408513322709140207098085001291996e+0   -8.2305983285299956906468836663984447e-1    1.0045254087347950140260620657239326e-2   -4.5483998799393275241970040150821417e-1    2.1298726172134245096287523631893465e-2    8.9031845402930043577399673235240686e-1
   -1.1680892557918941525802533889094380e+0   -2.5791781238842893675253575039300357e+0   -1.0322995009552160596456569369896480e+0    1.0352121345342632561921382022818404e-2   -5.0547202687842275043551283442682501e-1    1.3770651499983785704229155075983649e-1    8.5178339134431266498998673847283213e-1
   -1.2550468956808745200538718615154741e+0   -2.0598180925479878745697062408241637e+0   -1.1735081872130795386454500701590453e+0    1.0642754429267962702589444895465490e-2   -5.0542573960293906927995754675214383e-1    1.3972106213663553021397942370005404e-1    8.5148273414217417266803418745683298e-1
   -1.1750658279788708022928637635140007e+0   -1.6200252893314702773884112240441455e+0   -1.1817737941699978744269043356753539e+0    1.0888293881235493712259118829514367e-2   -5.3280494450337869896087040766051043e-1    6.9060892090219761923426870901038883e-2    8.4341536878127527173412934981976981e-1
   -1.0377290766539143712130352588645257e+0   -1.3625234770890531016021671837711771e+0   -1.0983889984495189597930235225891391e+0    1.1065347341349512103650379210462227e-2   -5.9348936320458361088119696426147137e-1   -6.6037447911977189824652832104688386e-3    8.0481474037057159639713930633704776e-1
   -9.4302738460343611130145059097235758e-1   -1.2594459552397870961508813781425056e+0   -1.0212806637468022842426777629119598e+0    1.1157887391012976180431616315583601e-2   -6.3543197029920305786284261646563476e-1   -4.2879095691670937572060542562186438e-2    7.7096536515873217907102084005362560e-1
   -9.1676338734538528251542046442421383e-1   -1.2372558523464109480923484081066254e+0   -9.9794565269786863356815010602948037e-1    1.1181390521551020979948676233168007e-2   -3.7893628414026758114732503592825154e-1    8.5985307637765806355917583937279633e-1   -3.4214029228642995454224952190071044e-1                                         10                                          8
   -8.0624953270057697667416080342672175e-1   -1.1670106620865486531929070555539476e+0   -8.9207337645351569538437196937113330e-1    1.1273401736356231113285612505871373e-2   -2.4884975942551263426099808361688537e-1    9.4550949973307978435065886348259848e-1   -2.0996567135692845218180230711626789e-1
   -5.7029610551223492772934197110564255e-1   -1.1102695578218861350316038752962585e+0   -6.3192315453770404913998525491114706e-1    1.1447123531320173948265074438460523e-2   -5.4684789465430162682194568901413148e-2    9.9819255530473242363282621568864115e-1    2.4923810610143067260363058326848863e-2
   -2.1660057752408080504027662823539160e-1   -1.1903679169722948531543972667669980e+0   -1.7407510710848377417807022334524236e-1    1.1683099661315357493314307092614782e-2    9.8605813391320449883563076245843099e-2    9.6524849606595769837964149046359568e-1    2.4201701264134910875905502854274371e-1
    1.9085452498735465035663598446413583e-1   -1.4607575091374421301140449179865709e+0    4.2846552361404046550260328568348840e-1    1.1955148114302808926358281911691274e-2    1.8686901207710746817696714224289000e-1    9.0591120407497447631525787487905107e-1    3.8000639817870936866218783472409247e-1
    5.5354839073480336682358154990142110e-1   -1.8160130098589836571324326333828628e+0    9.9020007571995875999712317356459122e-1    1.2233984097456790907603431457993637e-2    2.3635080216719703253923807989679609e-1    8.5897041671122257310118532969340249e-1    4.5421153830552470348837008252636217e-1
    8.0455912111548354159089063403481857e-1   -2.0665692831340606373893944057001660e+0    1.3081806161187433387250252412775535e+0    1.2491369036817829382656457269678909e-2    2.6391523299040442823394111768925961e-1    8.3781433549209730115258546860571873e-1    4.7792874891510342645913919484077272e-1
    9.4297773535257083881439229387267777e-1   -2.1183457049112845763229619801316109e+0    1.3326364023351564366793193021324298e+0    1.2703655343900006331245954004282271e-2    2.0140958065489973498247516013337683e-1    8.1702330498005914322236020160446821e-1    5.4028427696896631313396538770076804e-1
    1.0062298234999331713840641613336129e+0   -2.0366574272418953045569158936462836e+0    1.1918487690052795696329906993895193e+0    1.2853732067419824077620030658698339e-2    1.9539032791543293058928801189632120e-1    8.0102281513941763490205710585293823e-1    5.6584898107465206700476297441418374e-1
    1.0293183407605863396195968658035955e+0   -1.9521031969833543877785199735594319e+0    1.0656633482871134986127007008975975e+0    1.2931152178010816751120734014474640e-2    1.9424179815166239456676588729192307e-1    7.9538203650913859797245854069347172e-1    5.7414069691094373594591067799851525e-1
    1.0342528657089136718326441694737768e+0   -1.9261322626369157965168876770896975e+0    1.0281074953696581462362020388061147e+0    1.2950702181698498580620658123674723e-2    9.9492464647483408366080418449870574e-1   -5.7439369516706038012922273492477288e-2    8.2617592959670035122521931023096658e-2                                         10                                          4
    1.0504089464373818122199743860371207e+0   -1.8075971160350043936937395289700150e+0    8.6075595211567099309707898484664088e-1    1.3026792595804998790644570716203285e-2    9.9811770641820432664366515979989211e-1   -3.4488615635509279340870479215434283e-2    5.0710743694106699575669969419497610e-2
    1.0698918894805827412520092947937554e+0   -1.5170846290958050375584914636095817e+0    4.6610243757435750984275980120045750e-1    1.3168492217535066109832032167845978e-2    9.9967874592443240863813122832592611e-1   -1.2853782763673064507452162191812722e-2    2.1844569476609402199279469595413193e-2
    1.0819165302830086217770920380528165e+0   -1.0182238212527893689494521405047915e+0   -1.8722785149219354961396787956546316e-1    1.3356732614238556080080600416580149e-2    9.9996380860289090943299805622735527e-1   -2.2744440895477605960478548979844263e-3    8.1980722419650392157278220194321464e-3
    1.0855203190098141274772551982651010e+0   -3.9019639669889591145054908099311607e-1   -9.8601263863552958569154296581699240e-1    1.3567388564316855799993549123115563e-2    9.9999410405888426597859806939660530e-1    3.1255055282029472280276056016445305e-3    1.4223440731831445469327765792406295e-3
    1.0764389828294790374699707635158528e+0    1.6526222382331768992858964981772801e-1   -1.6725955533000960977487913183816778e+0    1.3775743021849425182508415200377267e-2    9.9957393645670705547643682028566470e-1    2.1029046454927623236423579552015540e-2   -2.0241659063413296951470746245278302e-2
    1.0389695069999809970296018535431941e+0    4.6815696651043866491253842204463455e-1   -2.0255717613738098484574559936529628e+0    1.3960695292828739274016627646159678e-2    9.7064287366583211854344198010428770e-1    1.6711488305343340485021183293962146e-1   -1.7298851887848726880542677399125776e-1
    9.6712770282982000618841386670578662e-1    5.0386792229380856254528451343589157e-1   -2.0359357203995937398793509198459086e+0    1.4107409789152466468592013545411302e-2    8.3000316233423730045481725483215998e-1   -1.8398558591956506379514359785069991e-1    5.2653969906266333220132987344293191e-1
    8.8426705928148454454314855189867292e-1    4.0123734647587271452491026617743303e-1   -1.8767929552129546411771949231058171e+0    1.4207661955371077783969094097951160e-2    9.3109081254222910009147030118212044e-1   -6.4851936732481837258865304731241790e-2    3.5897649658647258367434515732893190e-1
    8.2934171589296285169292674567949236e-1    3.0817938485771321214825827778208187e-1   -1.7428298858743895561027884020402660e+0    1.4258175616867170570812681915946558e-2    9.4060858876968501247111595960546759e-1   -4.8594179450353591026904839085472288e-2    3.3599715542880481743833082595251472e-1
    8.1409160694126537937366366124758254e-1    2.8060715890414899303553513415080186e-1   -1.7037709772175012160302973426312508e+0    1.4270796182864264612837747081629865e-2    9.5343317821904105761240205697203347e-1   -1.7425098327927318144864327610333703e-1    2.4617426652139079897267787407633942e-1                                         10                                          8
    7.4935785616377926259625909666856325e-1    1.5862776845288086297373634092183377e-1   -1.5330634288276278338877225205141556e+0    1.4319381720485661745892324244233168e-2    9.5704197877255265653506408144885631e-1   -1.6743882475783012118867509077672576e-1    2.3671690018001149303300392643527451e-1
    6.0630799303855168029744105426243694e-1   -1.2337905089866362616066732918578431e-1   -1.1465169849876873944236089900441876e+0    1.4407486686083720441149588797544701e-2    9.5824908217668965357514298699041135e-1   -1.6505524619521784138851693843981981e-1    2.3348546466743471692675223469309445e-1
    3.7648779591040163493967707444389726e-1   -5.7609796938591616199597367056183325e-1   -5.4217479258358555492448844890504406e-1    1.4519333455500855852665857928391005e-2    9.5432633400175021939152022050985965e-1   -1.7283243743994109647951000383671521e-1    2.4370103979948204195808775037057804e-1
    8.9171306884153720360058429567056826e-2   -1.1165735778493633059495306257014532e+0    1.4899106752090255653543066708225957e-1    1.4636526443871525431548964095455299e-2    9.4536485192542104141930309835038636e-1   -1.9000485953944568351245368533029746e-1    2.6492159235408174806696576789766905e-1
   -1.7689331560053980918717605844223334e-1   -1.5958381296826595905664217593015347e+0    7.0677517408651228961474423466872452e-1    1.4742679298361209351487890863804395e-2    9.3393907431170123691849140094115344e-1   -2.1170901236965349261506276029918919e-1    2.8798801981205485418887536523437330e-1
   -3.3997055202180100876911037437012080e-1   -1.9110883375211256348976612313564487e+0    9.9332196473086071605044638327414718e-1    1.4827041594298709938857198463116444e-2    9.3356699941896044083101082453312019e-1   -2.1256775530975086132147497751332310e-1    2.8856127078742323911833173889988361e-1
   -3.8160941637981624265659570568963774e-1   -2.0662913103948881277286593361344464e+0    1.0481116227132085480885897767836251e+0    1.4885848327768920950112340125578951e-2    9.4249580895298296096368960345722508e-1   -4.9121333478570334412586456258451353e-3    3.3418186822751936123169001109657398e-1
   -3.5212694727903729879559114518822405e-1   -2.1245946232805123203534669447188145e+0    1.0030383014215704351767626531597987e+0    1.4921013453167692076940701057324304e-2    8.2382369951555642145448668473475699e-1    1.1066823811289535746382877358624733e-1    5.5593799401506072798808284840015505e-1
   -3.1792459210068644896950685579332789e-1   -2.1410797929168864127792120007219043e+0    9.6031250639600090068556388416281692e-1    1.4936930418513586583168245822326856e-2    7.7259794080498195115361454834970811e-1    1.2791141952687560223882299922745641e-1    6.2187707034310344625028937197628364e-1
