#                                         X                                          Y                                          Z                                          r                                   orient-x                                   orient-y                                   orient-z                                  ChebOrder                               FourierOrder
   -3.0735032852312604061687308977693920e-1   -2.1440124549215193211566007919973635e+0    9.4804332412474958844164663168466239e-1    1.4940700180052750923978844513359600e-2    1.0572706949004350355305847112019859e-1    9.8703051603516612659122634755430224e-1   -1.2079961586197687897923236840729615e-1                                         10                                          4
   -2.5926286646179625756988030394330266e-1   -2.1513761905474795073753757987491094e+0    8.9650965263373467177100013637207278e-1    1.4954384133515182550750516770754789e-2    3.4049681734105398909111959906819502e-2    9.9823042372310642976854980067345928e-1   -4.8750798223142204340833266564159664e-2
   -1.4460230680618953660694795259506119e-1   -2.1518016920613431158910811384178531e+0    7.9662322706660128561661845311054216e-1    1.4975481260642430170647512920714852e-2   -4.1537387208305510842206217077862292e-2    9.9911075045403941894174228129046146e-1    7.2355919642741558750948908250658259e-3
    3.7011444292070255940171008287353073e-2   -2.1372971603081313240554146628343938e+0    7.0047728298725220642971053251721284e-1    1.4993906746022941697780909043954337e-2   -9.5719562601440135571043011622588229e-2    9.9513945727473355366016678931050886e-1    2.3134949974826724325713857393924226e-2
    2.2518498701173671128927855212832413e-1   -2.1111833190196965680625753274318785e+0    7.2001965864468544202890290327995043e-1    1.4999795202563631729728297845204913e-2   -1.8162649121490415543266518089619394e-1    9.8259143649461961145471775837737459e-1   -3.9062598689824244947771849415013879e-2
    3.1345877099740001599839403686966957e-1   -2.0609032138373869981258834143995576e+0    9.3710307080494584648694146941365051e-1    1.4987585644192398002027189107278473e-2   -1.8981432609260453448982198289295285e-1    9.5621717799708726793682907291187057e-1   -2.2275374320827274093888199612373674e-1
    2.3767402844482049253849101908744686e-1   -1.9509174317390055359501060331245784e+0    1.3016231623271240643045301516434157e+0    1.4958514570277717647594759657973487e-2   -1.2791938912084402185781895715341214e-1    9.0982229611520574567423759056325688e-1   -3.9479110853539364382203168512718058e-1
    4.0777529291555086807162009111099474e-2   -1.7714124051841699662376224832592454e+0    1.6678407024377561453907685145302944e+0    1.4920460748807939231047625472609672e-2   -3.1664520995983976945498596152483872e-2    8.3754126871182278221414500761245207e-1   -5.4545575559772504262500882859764083e-1
   -1.6739400854699945834198802570875100e-1   -1.5755488519085509922082352769312343e+0    1.9232393349651029733189041777393136e+0    1.4885185261817562805517099351469146e-2    6.2897701768605422896693951979627180e-2    7.5567490439134573032326968996304534e-1   -6.5191971743870276938200893482869055e-1
   -2.9306499249429860427355405422355811e-1   -1.4482470368606043423854136889362488e+0    2.0430715771647193436975857475875459e+0    1.4864082317326996754901476034254680e-2    1.1956226976567852952150676303235261e-1    7.0014886041715154476911501330995596e-1   -7.0391507790716001722588642318820919e-1
   -3.2638837375999204902247834352538086e-1   -1.4131036762313483145622847759658049e+0    2.0713698590308661611371426007656694e+0    1.4858427362386867072892251952836246e-2    3.3803154523321712008593971603022694e-1   -3.5965059362327555857666035564801725e-1    8.6970461935858946558805456478731628e-1                                         10                                          4
   -4.6091194428870372643632949185424588e-1   -1.2645382011754287149818588551141357e+0    2.1721841918415121890191860498663387e+0    1.4835126473821025010038928636516759e-2    2.7953743337964253026950240874251094e-1   -2.9240813315228899305506459984817858e-1    9.1452518117650273087004292289348627e-1
   -7.2307588850337659932046096145451326e-1   -9.3756926323371042739476298726617256e-1    2.3105587095864685819921252952786619e+0    1.4786003916118271749203794129323311e-2    1.7325117865344577676857455341008261e-1   -1.4608531474701669428106045406530127e-1    9.7398311582411780591938800005114007e-1
   -1.0585126227813342415281768012324489e+0   -4.0812830202250130503183094631360042e-1    2.3666099622652905756423188362891903e+0    1.4708203004340417414205317625917016e-2    5.7150484096957126621354490706396358e-2    7.6557428912888721015426457270783242e-2    9.9542593006498049566751312690862875e-1
   -1.3396448713750129582308205604226847e+0    2.7932239807651643487960588445252984e-1    2.2281096286399792086846662078733304e+0    1.4601890464921799306354031066647421e-2   -8.4431417190703646929073991341042780e-3    3.2183621146239213421476013934073470e-1    9.4675771259042094342122635364714301e-1
   -1.4256206569125869990788521950112595e+0    9.8267420393761611285702635594374002e-1    1.8968599554140322259718324887358301e+0    1.4473177288271746018206101151970676e-2    1.8480756437422969349522622728560125e-3    5.1315386060606215343658736722517946e-1    8.5829464635491531140793657810784518e-1
   -1.2786255407169645384218798194247845e+0    1.5338143801160762542844904964714233e+0    1.5069971518898377385340773890894721e+0    1.4335098651978453533113540337828286e-2    5.6954371187948966647397989180243071e-2    6.1956985859664007321916702101186246e-1    7.8287252469423446574599124955464907e-1
   -9.9882266167951438193910046537704147e-1    1.8547771293870639092008274044762493e+0    1.2051135869271730263675815824312533e+0    1.4205977624928708820736735863455666e-2    1.1016304409814471860142529954471611e-1    6.5966300589583915606589674284922085e-1    7.4344389322093183557668233506515101e-1
   -7.3401894312383071945936288325586889e-1    1.9872668233610118309884040154698630e+0    1.0402062056108686733054548500030620e+0    1.4105631898670383794234121302167485e-2    1.3885640780849487463633265485486127e-1    6.6908149159736086722796184465393010e-1    7.3010194878001228550438561657522448e-1
   -5.8345031820060614178583500465707025e-1    2.0222067186613747494293911380740118e+0    9.7826373095743779178962340570119072e-1    1.4050721776343377693424206510065240e-2    1.4888288711072768485265877214537204e-1    6.7064435731106297397700779292059518e-1    7.2668427252308523507946844588471226e-1
   -5.4451779093575904921118838735849586e-1    2.0273715503065264022361811145025937e+0    9.6545862686658409437509828569676453e-1    1.4036503020551294548210846391996643e-2   -1.0265624412327520840500317287948021e-1    9.9419912230570620479914123701198061e-1    3.2090508706874052022010565610277645e-2                                         10                                          4
   -3.9129523202308188034865396543649756e-1    2.0334970220144343105835449448847651e+0    9.2717545634821861699169349902402801e-1    1.3979764639018247417550020948476048e-2    3.3162532254822227994297540953847778e-2    9.9942745788933959252589462513254386e-1    6.7084179431674371978804361968176719e-3
   -1.1028716028360295446004586266698546e-1    1.9874356003705561294441543329822924e+0    9.0689946804218889361397570526962956e-1    1.3867900860598643015828228376953152e-2    2.8786729412655533567378887471870164e-1    9.5747634255002206324782370652747608e-1    1.9273671920215134824997231542970439e-2
    2.1123645273526881568835553511904607e-1    1.8235791779575044808370536818577638e+0    9.7929537794957228026578049523375390e-1    1.3705718035213579635116276659170519e-2    5.7233907940452996053222378972132246e-1    8.0783469712206293546286096852879642e-1    1.4082286856927745020218952549000897e-1
    4.2041134101477461038490962637804756e-1    1.5417404815583353481431452470975355e+0    1.1579206966461457258473788026373053e+0    1.3503389620236568317201953836484782e-2    7.5762568244620292449518653096923610e-1    5.0863316812707252629173905487567946e-1    4.0901787929006533661996248068446596e-1
    3.8699366030002788502980915979008049e-1    1.2271835891374078073046928301258891e+0    1.3469207110656573843311238533255131e+0    1.3277768239664814240524002184881153e-2    6.0691314801350567410006956306363899e-1    5.0184874312573527335029101362259091e-2    7.9318214122518400998229799709551255e-1
    1.1524333844650999767143310752424648e-1    9.8033075369592273102246383279066525e-1    1.4167111046373672986836183565930332e+0    1.3051703261682608487141566032383742e-2    1.2154598319965768543122720036187950e-1   -2.8270512975138513729041810916304268e-1    9.5147484653052233264339808764398981e-1
   -2.5873097846866723209534442970106098e-1    8.3822436886771726202656478179606451e-1    1.3335015320598131182409918631393915e+0    1.2851172534936196190371980027500365e-2   -2.2949928118128687108266926905489856e-1   -3.9721188479089688369485074067510387e-1    8.8856783563109906592701810633195949e-1
   -5.7896905925777207602198587481830664e-1    7.7568876386098301102501737512996086e-1    1.1804450165316191000426156783135354e+0    1.2701033296596478860984368561265743e-2   -4.0487821434716838417922521949288867e-1   -4.2926538762242886174588367555282035e-1    8.0734432464495238524396885276784296e-1
   -7.5394745143484585780235860622019614e-1    7.5477734775469056090660106609245110e-1    1.0703429963651239509275801774544230e+0    1.2620675564795820980198820730134905e-2   -4.7636861905920083537727449913553573e-1   -4.3772709640025562448987420402645467e-1    7.6254044342095804546278314078428506e-1
   -7.8744735795286942821005832143167035e-1    7.5159139282402780313492861794462854e-1    1.0471808721488851175587980880364827e+0    1.2605217871459178886208702402612374e-2   -6.1189852924254922295647688263136583e-2    9.9720284400236358343943867754634945e-1   -4.2921903647272811506303587783049454e-2                                         10                                          4
   -8.7489112053551987197040182480035336e-1    7.4435089485679125687054694812121346e-1    9.8353225169410338116009420013079428e-1    1.2564593803307826392619802567983779e-2   -4.8894634079658798470030022604705760e-2    9.9823711403564983551173864565622693e-1   -3.3644894411980171476937183860820834e-2
   -1.0388621602798773727618635059353270e+0    7.3442436686695371156467616458255839e-1    8.5140186966455391966222120534387843e-1    1.2486687575150816886628739457517899e-2   -3.1646460821165301922311246350782514e-2    9.9932159993752071728854362663072989e-1   -1.8837234823833435786472340677245283e-2
   -1.2547621860689198527608522928336581e+0    7.2691300956276985212811134449208456e-1    6.4993828201541026731423078408063765e-1    1.2378138555689026119693640935450188e-2   -1.8420254569079494334870479131089638e-2    9.9981549823194874046581871151536066e-1   -5.4464407469843128789101328960511053e-3
   -1.4852781838724635638127436899803930e+0    7.2271885848616041116990172516997983e-1    3.9374489793753148416996783809846469e-1    1.2248658812284695838054767485527807e-2   -1.4928429420888640416033029187497768e-2    9.9988786876362194481518041881915658e-1   -1.1797857294802096778380642125697560e-3
   -1.6903915462505267026661738017749046e+0    7.1761963138287250898808254388097369e-1    1.1653501342512597386383045361954808e-1    1.2110448359990929693275450991241158e-2   -2.2425620127730427681680754149613745e-2    9.9967073931556364517451721268618877e-1   -1.2470145073780259376313505520575319e-2
   -1.8424830564957971994129452130592960e+0    7.0654681292407859989866863011960438e-1   -1.3925552684513273771261328280935096e-1    1.1977153224489933618951000930469621e-2   -3.8562259013133783955016726477863803e-2    9.9831933792759580751941265985314082e-1   -4.3260278542916817987955708441511750e-2
   -1.9354644569177991941656126524379860e+0    6.8898274108239890250165588714989262e-1   -3.4007497892065618340581991144227531e-1    1.1862433128698518781947578450812768e-2   -5.8138450220996074582349793734900454e-2    9.9402740241965255680049139360392330e-1   -9.2354988196300884765499703623028023e-2
   -1.9813187852527105737151961601204074e+0    6.7027839262631430262059891027529060e-1   -4.7156776309306688944295626979460464e-1    1.1778358737847062661604060567818424e-2   -7.4601771490243992284599393931614993e-2    9.8617627977395160224782875976175523e-1   -1.4795580725921559651484484837629261e-1
   -1.9981085742471789766142551799627080e+0    6.5822265273311177610504848140071209e-1   -5.3482415421640689387787572545166785e-1    1.1733923991959851276188760464882556e-2   -8.3629288436143918249059073597963341e-2    9.7890847713627417614961587232604993e-1   -1.8639832484870893719892712659383854e-1
   -2.0015868748647646866769582208022825e+0    6.5489791812196801243969485045750804e-1   -5.5023222238803371744013302330687133e-1    1.1722582051939810324176413016098217e-2    9.7821203040877925003720873609133078e-1   -4.4853495638477370914840933546086736e-2   -2.0270517381789402983529318839829288e-1                                         10                                          4
   -2.0121481360695402436141546375376564e+0    6.4082604748777151108075487744378070e-1   -6.0783530225083742537951277672270859e-1    1.1677951949842415023721309715085763e-2    9.9004933371133259516720099381452743e-1   -2.7397338337231532062643567880619809e-2   -1.3802790540242813911101354786012699e-1
   -2.0189223931239481172835129264775475e+0    6.0951603692346666405081581398679461e-1   -7.0393184692936670363875309963183980e-1    1.1592646558820658997802369400672228e-2    9.9950252518660690084867208373198441e-1    3.0544672871311314244157912253187313e-2    7.8565326181984656542397728603032099e-3
   -2.0012494510131961483630599278749831e+0    5.5667960690599249633271232590098841e-1   -8.0523807471506752666912329101575843e-1    1.1474390520557083270257162484785090e-2    9.5215254235269744587317879947100262e-1    1.9320098311987802353874204779707269e-1    2.3680987355430791580278220519136682e-1
   -1.9446728676039558451334897056310635e+0    4.8083919488378226400531330428550902e-1   -8.7633757292608300351213213269420357e-1    1.1334213523536267330412673842712422e-2    7.8072479633553069408689744839372674e-1    4.7844001162946081175317469849154792e-1    4.0195018056824594702795790025052007e-1
   -1.8505691471595774703743843066279827e+0    3.8710268753613547804637256487131160e-1   -8.9596145705697938959648246623542654e-1    1.1185597044819704314923123775034253e-2    6.0353674628491706948613927539821638e-1    6.8751154267865835571677737482350514e-1    4.0382084464206026446583163411542756e-1
   -1.7361888449653053065120498423309590e+0    2.8751408255332013352456813138710644e-1   -8.6697998040585800020862566906863159e-1    1.1043214535305700144479099210587618e-2    5.0628447487908604673301027431082629e-1    7.8067442159049421943450791184867261e-1    3.6636522483821439055612311798119482e-1
   -1.6258743760756948033999655207002403e+0    1.9724736342601585735784585077607154e-1   -8.1185336932501381321204489764741464e-1    1.0921391265786050382898767907803997e-2    4.6061577975813674113459498507742778e-1    8.1995666504975748993560856792072755e-1    3.3985904560314923475665171211246125e-1
   -1.5411066700051943346536706464393646e+0    1.2971678197322595126835415293521054e-1   -7.5815128402057332656328544452650955e-1    1.0832520327754196008356918492547312e-2    4.4040570901584489519586149331290806e-1    8.3645581557093381581706252004114807e-1    3.2616633802986921450294075933625788e-1
   -1.4956432057819080070235543578410745e+0    9.3854210084546221938761221907250883e-2   -7.2640910865897663572719520844394902e-1    1.0785687438330880633847742966988714e-2    4.3293614573941283865159184055738759e-1    8.4240526221775924139172109362629618e-1    3.2081095352267849420804269481253828e-1
   -1.4781781613012985248851251912317049e+0    8.0118928922663743902079640922819252e-2   -7.1377045924322461785259030493283561e-1    1.0767777136170853956139644703667923e-2   -3.9141186901838583768578322655089256e-1    3.0762067958955007860701712251406178e-1    8.6727519639408420965734401323448207e-1                                         10                                          4
   -1.3864405729401412078349603426182805e+0    8.1613268493690894676181797000571789e-3   -6.4419086692163249777078014738672989e-1    1.0673852994037287916775246028426125e-2   -4.1226666722874064260680841231690716e-1    3.2396623739398623792852368680654563e-1    8.5151751134130540513516697620866685e-1
   -1.2147070854397448455276996897327159e+0   -1.2699506592466638606601267490531501e-1   -5.0639498603901557949467025089842521e-1    1.0494556594330737003419791074659637e-2   -4.1951987213469028642261940810693282e-1    3.2971766094346476175688521633306269e-1    8.4574779984701321395759538750174522e-1
   -9.9572475587259656188988651003933752e-1   -3.0402620193141168037387190011763791e-1   -3.4283841000539718114064886626590805e-1    1.0246769957706681361902147633761313e-2   -3.5096738725937749694111591793472280e-1    2.7283293997522508176514113583269969e-1    8.9575894075627365395017106582057257e-1
   -7.7327361214699513304027510443330004e-1   -4.9478738086095939038510026899988580e-1   -2.5004587992858931460594783672345069e-1    9.9547459126520502760730135771943788e-3   -8.4281021183497557965515561357181408e-2    3.2690939860527475785535770467185349e-2    9.9590562400224561223869418792943548e-1
   -5.7197526634771586722206973071268806e-1   -6.7856217599073165774432885435607411e-1   -3.0542415870546842347369807815913184e-1    9.6478786546573678544122522116153016e-3    3.0112325735270546782450534648965237e-1   -3.3184789390736562846083397093219652e-1    8.9398084945402612277290632869210021e-1
   -3.9064977867926614439154689737258425e-1   -8.4274353973126034584232485555624392e-1   -4.7879927725998853828489518543089683e-1    9.3572455707320377137441893389682104e-3    4.5617019999470010873548853917479598e-1   -4.6847783715684214943417475331677534e-1    7.5659583975174129558738720684941332e-1
   -2.2977727509488012618145374619026890e-1   -9.7219105193947241631403165510979005e-1   -6.6096503653190513324580268394592740e-1    9.1117061187645067040745154049193367e-3    4.5571526040017308837149615208796213e-1   -4.6814480702070991184740706196547742e-1    7.5707598105998892497014276018311346e-1
   -1.0628879115886165436681920150200080e-1   -1.0541864477279291748349544326593310e+0   -7.7447377652395042905216099244001040e-1    8.9346526586504883126832550239714720e-3    3.7597323068580820438449148170802348e-1   -4.2235336934320368727818574031993029e-1    8.2477982590029408389393234401004875e-1
   -3.9709581071139478255890780727854897e-2   -1.0905564339847590984735491398204506e+0   -8.1794988136757929991139655262150463e-1    8.8421126089870242359020179188501007e-3    2.8688750749446654840419381518874538e-1   -3.7932340122571769898981006722342106e-1    8.7966431968459740891759116497722810e-1
   -2.2664676999927507135233665106673414e-2   -1.0988645532889897893295241705647414e+0   -8.2666589143033666979832394957145879e-1    8.8186094784489794363849580012656955e-3    3.5456798808133816828654064178558852e-1    9.1937358114347199295127084990941716e-1   -1.7039295796299726703456008472753561e-1                                         10                                          4
    4.4229844815399086611854965010592786e-2   -1.1270684836233379509354771968757888e+0   -8.5021197627036287171200429011789109e-1    8.7265982636437693030480217285623314e-3    3.0800458968110931140903228851296167e-1    9.3776330928292368924606138389408213e-1   -1.6041554942745139120010467675677389e-1
    1.6839046681526712383433733829961913e-1   -1.1568813572229880776835506457752672e+0   -8.4082442130182411982094899360451337e-1    8.5528764686798264680685597959731741e-3    1.7852310396415831554022766879526922e-1    9.6004606572173564710706181194940061e-1   -2.1550186320127062894874080537531178e-1
    3.1919642346763399111352449468119641e-1   -1.1300696490124164461647316962678195e+0   -6.9494165004501932525965405125560257e-1    8.3169003386846429230193271418189168e-3    9.8260090995658606625019751739469750e-2    9.2768538988907316233156638369572576e-1   -3.6020101596731123563877955076093895e-1
    4.3581627898233322119152485438537150e-1   -9.6862574307041582455492917436326435e-1   -3.2787420156482277432417382936304788e-1    8.0448518856971914899753523227424253e-3    8.2011688934918720247076083089967607e-2    8.7789766283474350425861645830844799e-1   -4.7177301371246018328771268480183974e-1
    4.5012369935122287377144363334504984e-1   -6.2821833219823497783281538549725699e-1    2.2156078804749175605314863271983540e-1    7.7660159025432095087302027764400632e-3    9.1106898882957835594961651497959705e-2    8.1310324863390567606018052945040625e-1   -5.7494577138798008871342873157964640e-1
    3.4155221012071131057650137708153600e-1   -1.5983201982002358328430812969677356e-1    7.8059580545985177943891766027014092e-1    7.5086309631821710336771769647547913e-3    1.2236599242923286107593281172354310e-1    7.2611648711250485194531708954381982e-1   -6.7659545597070373864819201826496641e-1
    1.6177806674800086879904744585740336e-1    3.0550461616794417991722233871523910e-1    1.1798806324933509670967385332412169e+0    7.2963446560999940850876802301514277e-3    1.7621836458373855693323435123806454e-1    6.1725993542884902058029400074566604e-1   -7.6677066982103960385828809006202834e-1
   -6.4709666985744745528307484112529376e-3    6.4840792690097084504659128787333204e-1    1.3789946962384580321570187744397091e+0    7.1462679325801763387136035757353592e-3    2.4210196837194673521803039858235567e-1    5.0426202547147126046231887580762065e-1   -8.2891884197298722786401442704693397e-1
   -1.0289150897790199194376924517781240e-1    8.2048703222656995318371903334845330e-1    1.4441663147933615263089097705726992e+0    7.0688478219891836652129002199590634e-3    2.8941946845079267013144312532877177e-1    4.2765703191486507811215473275763013e-1   -8.5635613755926844427430593037738014e-1
   -1.2797735665174275159464505958876533e-1    8.6276459150334019384062738179633862e-1    1.4560269851479124568197066332347302e+0    7.0492978183015018357129761107589825e-3    1.1179146343532565203318625460366557e-1   -1.8619397093112924298887707139545593e-1    9.7613240592241688276797449239480954e-1                                         10                                          4
   -2.2751294956451794841585478199884745e-1    1.0208881939629149497333820259186435e+0    1.4833046595026532654052964362269789e+0    6.9732074041950016256890635182304200e-3    2.7566806337187971343765951633640759e-2   -5.9030566007113703981279741942706427e-2    9.9787547492923572961514510690576773e-1
   -4.1484828747469296026664329512349433e-1    1.2764216700973718283666598620254370e+0    1.4486790324732205758487817430992330e+0    6.8315077824649343065016020665877254e-3   -2.0742103080066747428442032443467116e-1    2.2281709655785495262488318237178799e-1    9.5253821837400104267234693682910380e-1
   -6.4448703635025282811496691937485520e-1    1.4963511718168265340274493281572780e+0    1.2233980145938220292928790264084089e+0    6.6432673857614443362530338178535565e-3   -6.1798254392280395238877822772288151e-1    5.0682867811765085914274027423053258e-1    6.0101769228884963079095374696297545e-1
   -8.3137885571029322320240766773476450e-1    1.5116172725782270080300956119175471e+0    7.5106859970622247860474510656096973e-1    6.4326114356831446163400851113181368e-3   -8.8014467387158776644447504844554085e-1    4.6359700179934586308386955499298350e-1    1.0209394192670650059229869299289733e-1
   -8.9809491075272228837542550428395122e-1    1.2312492719449505311146602876789016e+0    1.4129245557821199462129760378855802e-1    6.2242569781505752338252190340564370e-3   -9.3802336222553157972577989931518635e-1    2.8391365714798773071626265118764268e-1   -1.9875916885508464509018389540938311e-1
   -8.3921509402243098102243446767500969e-1    7.3425205914278955903216020840846282e-1   -3.9158315370325015481806445779144223e-1    6.0393047071712611423170065882740250e-3   -9.2962049655804818580529755554555952e-1    1.0599438050101217528256480741845770e-1   -3.5294606341674158286389522140407697e-1
   -7.2068023550788339011045599481416610e-1    2.1230168346180438163673422723855899e-1   -7.0588404120489451891077792384454624e-1    5.8925902108475339477416206890224042e-3   -9.0328501720492172226131874314520640e-1   -5.2069210074513008755865605904366721e-2   -4.2586966909527673147007573705851984e-1
   -6.1564914104917131352541355320770472e-1   -1.7571457785804182920684302763701556e-1   -8.1924234390401712404258270687941424e-1    5.7923380446289226323645401364825379e-3   -8.7597186017527639990528796174132956e-1   -1.7613083102480039108902711984308136e-1   -4.4905593253355335658101875086228854e-1
   -5.5987545740829259796643672410335402e-1   -3.7046554922036943663216566081780498e-1   -8.3585512701626135509843245920722507e-1    5.7418243831328298455209523184871442e-3   -8.5839708807880299440693032796123980e-1   -2.4486290123727535030665232356388113e-1   -4.5077333414421939591013656308977698e-1
   -5.4943679168218685471625094922198275e-1   -4.0643410783861880002229071539693834e-1   -8.3561965855778910313304770080850528e-1    5.7323496110588316343197491437530958e-3   -5.8451765301361287691801668172886300e-3    2.0110028058479763509853174080283451e-2    9.9978068629215812752443856303905110e-1                                         10                                          4
   -5.2264646819602804241174138473198699e-1   -4.9832461155119477825036385710880994e-1   -8.2987057735448353307426267546945985e-1    5.7078142370075478995922186423148836e-3   -2.8023484809686850347189529159716521e-2    9.6000061921719348307351727615400211e-2    9.9498676996739373789742738658354197e-1
   -4.7459303216992283825660390649999031e-1   -6.6267076290729502011264863974670018e-1   -7.9882034318508939997207521556647462e-1    5.6622142856532723039835060824616259e-3   -7.2784854420159327480741153285911726e-2    2.4945125124019871805466211785140042e-1    9.6564819588799288075494615843830400e-1
   -4.1726509849135871749664085187176073e-1   -8.6195830503037754163424170792447556e-1   -7.1518724903816323086971894293732779e-1    5.6017666035162125547189961880664226e-3   -1.3490635948622755719466609546963137e-1    4.7017000332015581277920431959801799e-1    8.7220435801943652749885713061287282e-1
   -3.6745543754187891892260206534030346e-1   -1.0489491090077225006130855088428370e+0   -5.6313132619178588569877202018550383e-1    5.5341816487977949593195508387520171e-3   -1.9416735217692502627300067391412763e-1    7.0902531069962758821654500155677940e-1    6.7792488384473580446680987215266049e-1
   -3.4018941673223225410180443151975474e-1   -1.1838750444510074885772921642711138e+0   -3.5344306732024779977320415607211708e-1    5.4672295756555687590538928040048469e-3   -2.2287352567953273626235812955486542e-1    8.8600482438141409445443368091273430e-1    4.0659911795776713240086392974853043e-1
   -3.4066900125789182539759621441164964e-1   -1.2512606931107737295581457103052675e+0   -1.2245349765222351902233664755379011e-1    5.4075208082247059453649588544272266e-3   -2.1586463763214263951393005134106202e-1    9.6624334740816323649332265405978554e-1    1.4062806195568264002216159573006283e-1
   -3.6153516614207630041151536717202735e-1   -1.2633514309914810381033861356065568e+0    8.5320862951624979611042443474639228e-2    5.3598121976447713544840146451437812e-3   -1.9091519476341094013160284046905168e-1    9.7958914634847978874363104619722056e-1   -6.2900657903598389267324677014335716e-2
   -3.8783747359153108915507601278959844e-1   -1.2481450256360953322577504853309248e+0    2.3616745078669036287461340382189706e-1    5.3269453031744854082512865588693166e-3   -1.6588476163608615724704132955885646e-1    9.6699328252131553706819047248623327e-1   -1.9340692183991272469297792829668474e-1
   -4.0512515413286795048356961594152738e-1   -1.2328003994333515515250209330307916e+0    3.1381953857508962925658662176307693e-1    5.3102763844650702681253312712937342e-3   -1.5122342402402771329812882875397871e-1    9.5464216597590784708565480067223363e-1   -2.5649524550618152136594809613452537e-1
   -4.0988439527970440426965415193669193e-1   -1.2281389956831804038518234503328162e+0    3.3331474955176591852180290542808032e-1    5.3060985231542372721039882273715933e-3    5.6339982661808074056172151014638399e-2    9.7233947408364636759894099800746725e-1   -2.2667543645575088965840967215293529e-1                                         10                                          4
   -4.2989071950076316663630530538757938e-1   -1.2070509652548007471545222430256493e+0    4.0848382920528774662419823526387205e-1    5.2899599519728033086436168791671454e-3    7.1573225270096118555627281191143033e-2    9.5723567549381411140775873089834858e-1   -2.8031613401004495274113508250164853e-1
   -4.7319839153422226290481488643796845e-1   -1.1558334219729740363612883268442665e+0    5.4378508460941545031391534927238218e-1    5.2604349420356393941382656234783953e-3    1.0500388502327700612349833260439234e-1    9.2148054985509120616492191101872116e-1   -3.7396227131727766437632288601777640e-1
   -5.4171448876036241304482524679257640e-1   -1.0661965180344015801341116347892871e+0    7.0786510700163778685127999099017489e-1    5.2223256083224536386409239589609155e-3    1.6024281748175174951357570956170031e-1    8.5742615918596612224923259114908290e-1   -4.8902210685112414358512062835422727e-1
   -6.2994005496539769874454651923775823e-1   -9.4272327626043818193414319678805776e-1    8.5779101335984231568509272016272471e-1    5.1812995243932272593567027678163168e-3    2.4520484887934851131548779975379253e-1    7.5361937327820986771527376730606667e-1   -6.0986262576568342937132628933375970e-1
   -7.2324861593326984790692036218309664e-1   -8.0628699170456671489624451095057682e-1    9.5444784739061723009280748487077799e-1    5.1425974382068369121544663359019920e-3    3.7944342180811471058638614267803542e-1    5.8651608770996716196653618728647902e-1   -7.1555682409152052239645654641364857e-1
   -8.0370329567116766277965104131162129e-1   -6.8408224677542027131531751924401175e-1    9.8129349195913481722397382999006458e-1    5.1100405489076996287899862294201453e-3    5.8310565259217324374185461383802273e-1    3.3514438216692544780330487805061035e-1   -7.4004462096349676038913632436472820e-1
   -8.5950749303296415658394470954263685e-1   -5.9472383859329778083049861188125111e-1    9.5201896996898841023489706274397015e-1    5.0856294263320781560388808046436557e-3    7.9291403395054453754787810159680484e-1    7.5862913640285903301356766015903362e-2   -6.0459255130896314037622870708909122e-1
   -8.8993495675246886043881438599827056e-1   -5.4164392968278316789377602908314240e-1    9.0097519280330650716977312114682709e-1    5.0697961600075757729458347355257481e-3    9.0392976727066581679460954147764494e-1   -7.5184914362303646147714817284037920e-2   -4.2102043239530905267819628934524517e-1
   -9.0189807672527951004286382460770244e-1   -5.1836007155192388767558323603877878e-1    8.6440677793134451524179779489293061e-1    5.0621163187809842908696915751049200e-3    9.3845951845719224349218866074882771e-1   -1.3292257839672411750960651747423022e-1   -3.1878726506788438803952417317851188e-1
   -9.0567455894477240963759307901074513e-1   -5.1035547160758641856371381539610080e-1    8.4871787090678000789583350371236543e-1    5.0592998199472494923547897210740987e-3    9.8093306412751125379668056693593646e-1    8.4087293688803685129372105709873798e-2   -1.7521315801475861237729370029086316e-1                                         10                                          4
   -9.1779383773123919007427204300916145e-1   -4.7678491360411832800678918668655211e-1    7.5169121678844280712281195183280644e-1    5.0456158664848178655831174636789128e-3    9.9799750644593460369759386272432793e-1    5.1079078881186209046479913314136646e-2   -3.7308240756517535870378762133917124e-2
   -9.0211186915829383457439615042463230e-1   -4.5218654390359370593212658683457558e-1    5.0475208950888055194929222849545078e-1    5.0245187393575702456861213137188465e-3    9.8753496108594197200292339719013367e-1    5.2295865695168325599024693982922700e-2    1.4845821992796489055378861009677593e-1
   -7.9087762963262903311686981828115489e-1   -4.9312279245701010731431281181170545e-1    6.3318678595400814916795465569978169e-2    5.0060932539770587185527251904793643e-3    9.4789081174518723605826463812111155e-1    7.7543997124631011926274221884392538e-2    3.0901446166641655855546238892154291e-1
   -5.3283931427815325076887804341955010e-1   -6.0026362175015947940930256353183296e-1   -5.2778016008728606406824496595618159e-1    5.0002047974363686866053363892287919e-3    8.8550762593634676114086898920735117e-1    1.0399355044047625489697905529085845e-1    4.5283726202175445732786484424764083e-1
   -1.5103431210415505788231703936461438e-1   -6.7157101415800471876423208552568710e-1   -1.1237756103076849809067742100191407e+0    5.0124143558076024143064451271552265e-3    7.9102356448137455558007023842386812e-1    1.0699697677135337623471756099854225e-1    6.0235651187396582892812762412285766e-1
    2.5544534319551843488748869080144982e-1   -5.7962341223902048399947595320358131e-1   -1.5758915259936358223023561435667494e+0    5.0414854297222827687388745764602139e-3    6.6861167093780952376858762546099585e-1    3.9534119000157872726822939131931688e-2    7.4256008977094350148286862276387865e-1
    5.8309195605412059376543649534351957e-1   -3.1183480159686443585519938990806308e-1   -1.8313617518377290870931518585940399e+0    5.0795392511920611852860087618240320e-3    5.8577889160145892323028845090347579e-1   -6.8456461168459819855381143674684830e-2    8.0757464241917439576711128092190444e-1
    7.8776605222960972381440517473171519e-1    5.3684900601210256155344321496698991e-3   -1.9348953287643008424825232503732111e+0    5.1148147381824376108165348829645548e-3    5.5732823126258662328248287580124055e-1   -1.2748186095577200211107114476649037e-1    8.2044720595841508198709930074223388e-1
    8.7967996162455684950683370496234906e-1    2.1195115898857314552334095916008154e-1   -1.9619997834937855027000879911755590e+0    5.1359176826730036614321582001790224e-3    5.4954095616048225187462803169606736e-1   -1.4774313814075842990564177054240952e-1    8.2229964285201030084338409511771344e-1
    8.9118789147810074509965827273108386e-1    2.4186597364994102174516718252494981e-1   -1.9642680314691597026242104556257108e+0    5.1389077290837244857545077168199463e-3    2.3044291596732072002202248103089257e-2    6.0959377671942668178580066425981362e-2    9.9787419793211120050000714726731617e-1                                         10                                          8
    8.9642660210717020235633167119704883e-1    2.5583647253330519684381511008948158e-1   -1.9652052522427126503656814191296133e+0    5.1402997606697817624212821722399703e-3    2.1321059726739889058280415205439807e-2    5.6326544835076724157048100857927885e-2    9.9818471875653901034998562078411593e-1
    9.0625556909993888818239619462893097e-1    2.8267162019193848076933994305929265e-1   -1.9667961444110254323718719392407018e+0    5.1429664420878226604278261621876044e-3    1.8187989586665567241542785586542380e-2    4.7639292593426897094071173493387813e-2    9.9869900111895235943043947680096349e-1
    9.1949089041467775471688155336382693e-1    3.2016032520459407234890180739213596e-1   -1.9685771112708838134784621460902163e+0    5.1466772669275339867755822518015973e-3    1.4151427414132777427116956243538477e-2    3.5958114181240567734967664215938389e-2    9.9925309663101439761226177091963545e-1
    9.3461137734954095019314002350729079e-1    3.6503427703978112626497059573106095e-1   -1.9700705657426957089386302145997913e+0    5.1510994816715544854875682026756461e-3    9.7755164705666007869800834817070072e-3    2.2636843525943797157727242659920150e-2    9.9969596007632021314752603034770203e-1
    9.4999321190369669176254029520499252e-1    4.1313059502725151559798207780786991e-1   -1.9709487438481822687375939578639527e+0    5.1558190035506541657164013627700450e-3    5.5633017669077601029017237779253410e-3    9.1046533353113704372338692058011643e-3    9.9994307586036822585737586934184348e-1
    9.6412557683185574449939577290012223e-1    4.5971690781416614030484478843625598e-1   -1.9711334030161276183288643433238444e+0    5.1603737904377958665119283372926049e-3    1.8905456764636920843784983618025272e-3   -3.3221351183858809234294838056159251e-3    9.9999269460096576831024095676848039e-1
    9.7576278085640395673201805844974237e-1    4.9997469699214248003395477931402373e-1   -1.9707971070551222351872259468680757e+0    5.1642991202309075214121476153638645e-3   -1.0033893555984403470346781565754336e-3   -1.3560805102326129560386957256595381e-2    9.9990754461338964204332637348555977e-1
    9.8399449269580372426720805058336466e-1    5.2957698390744834004165306481337837e-1   -1.9702712462377592538508214382036108e+0    5.1671803050200256862144749935893107e-3   -2.9868425597077179515459456873973400e-3   -2.0812122408367924890655848601022246e-2    9.9977894273303367485599558905286152e-1
    9.8824647628487995477669549228978779e-1    5.4525669681415103741029560847539599e-1   -1.9699004966380932456207168059293686e+0    5.1687049061889516698518679689198091e-3   -3.9947882101851553522654191740674234e-3   -2.4561609122139111458327937772613914e-2    9.9969033656652249269553008395311696e-1
    9.8932103521832675952649857085103509e-1    5.4926278577588494496131331862259076e-1   -1.9697957378228793880214589550686652e+0    5.1690942845336449763068404187440084e-3   -6.6549272472587868975355411290980934e-3   -2.4865576942946449965633492891315242e-2    9.9966865261777019596046633097715011e-1                                         10                                          4
    9.9350736542539900334767034773538757e-1    5.6504192104302494273752100609737120e-1   -1.9693439639777341308628545629141316e+0    5.1706274184679657693496051731598244e-3   -7.6302290732850789564631286861935443e-3   -2.8574047643662534113265132667093011e-2    9.9956255602415744888432944920767416e-1
    1.0013253783565387720722862731643693e+0    5.9527067653505872834144294480728965e-1   -1.9683075246898914566376286490356955e+0    5.1735623745032313248995305852362524e-3   -9.3966560386547348863877009329355889e-3   -3.5519986720007312682535333159019682e-2    9.9932478874423090018480354396624399e-1
    1.0117743008317636371327308265163105e+0    6.3732772596535995107726482066916970e-1   -1.9665044483167596109945646614513612e+0    5.1776421925537404704999194986938929e-3   -1.1660798553324533589162040095952812e-2   -4.4850150924395455477396285953368980e-2    9.9892566777471372268529851138443264e-1
    1.0235941024033222070660084031611765e+0    6.8741494240792674592865280132230774e-1   -1.9638335740914043110747325326344029e+0    5.1824978025153419708537788122648147e-3   -1.4100983275462964939788038363704106e-2   -5.5486597070727923757354201981746990e-2    9.9835985487006427463291843397114048e-1
    1.0354794758441242573945275399572628e+0    7.4080263835627351073643627751992932e-1   -1.9603919101875077941433056649466193e+0    5.1876725714530313584156617785773566e-3   -1.6435964502249315064804556427420970e-2   -6.6298733721194957490408993556394938e-2    9.9766444107116842106858902876734042e-1
    1.0462651803844027613326745521385128e+0    7.9223365558020825262647926835130639e-1   -1.9565256961930816239824695477641961e+0    5.1926598884625379772270092768625385e-3   -1.8460758845809395012383716815496608e-2   -7.6244470888576159251011334770509315e-2    9.9691824190439906542583929358089251e-1
    1.0550416012496693591353235458858211e+0    8.3646371540490495010346250230279419e-1   -1.9527887966726061828181661062793732e+0    5.1969528117213377776730524561334623e-3   -2.0048998337684457450366720256854325e-2   -8.4458253580942288547747358238957654e-2    9.9622529633999596354339196405815327e-1
    1.0611879806917144040082398684935730e+0    8.6886386891145693261279212207650172e-1   -1.9498188769791335051415582250682262e+0    5.2001008713928963240825310289468550e-3   -2.1134227542500988004025110059040239e-2   -9.0289620527403376957490683854660191e-2    9.9569128189976600366411144031192707e-1
    1.0643416185165979313611226394597512e+0    8.8598419607444205700065389052591087e-1   -1.9481723179326348142306415693741339e+0    5.2017657098315765850100711830618581e-3   -2.1685049649778026163821301688061199e-2   -9.3310547365123000133775002424865103e-2    9.9540087420702409138085406476386704e-1
    1.0655322508056098733656182917344979e+0    8.9254003388047330291915245661987352e-1   -1.9475278867699849198525412651108823e+0    5.2024035047886419907884427774897424e-3   -1.7239766198076583274332957340106961e-2   -9.5299345900467202511014108814145877e-2    9.9529936457951120359405214167130274e-1                                         10                                          4
    1.0716379038130956328118200968583385e+0    9.2699762134458147328288559506647297e-1   -1.9440160267618415671291208039873934e+0    5.2057586013209284262439751674606367e-3   -1.8263709072420941062666456712647600e-2   -1.0120036745989881908639027418633790e-1    9.9469840783872747749600875716845574e-1
    1.0826602736547587286685005467907526e+0    9.9314507527114828839755849586700902e-1   -1.9367034783454949558440892222290685e+0    5.2122148675323474395886475425685584e-3   -2.0010234641346889600488598291798039e-2   -1.1212505328267336701476363188613805e-1    9.9349260839522902779563026986322731e-1
    1.0965654653248746570603763982752948e+0    1.0853855266206818169139121896323246e+0   -1.9253115400353322775609679196397637e+0    5.2212606431560929872761893539840561e-3   -2.2057867037789076533644652563034243e-2   -1.2655953103648876679388363165922753e-1    9.9171373672323771776480631375928622e-1
    1.1110444292927941581189724526108680e+0    1.1953806888915539955852722667639107e+0   -1.9100138994935314628130809313261924e+0    5.2321304070405192737201246426557379e-3   -2.4025977759927443497919079764693088e-2   -1.4272884947759612887047895358516271e-1    9.8947017535622627735501840096594666e-1
    1.1241086190917975783506940088934646e+0    1.3125550211097396106963937981661326e+0   -1.8917917757022646148361562516878959e+0    5.2438338050763185135884222758937792e-3   -2.5671865993239183042811999975990963e-2   -1.5892594216018226652747977328108658e-1    9.8695668608349959865519624348852849e-1
    1.1345032850680182801002083956881993e+0    1.4251300187053891955185263557220750e+0   -1.8725139378105807355052043979843528e+0    5.2552246077459736050320869903730797e-3   -2.6903070842455683348373145861390180e-2   -1.7368984031676774605221282481695129e-1    9.8443286421674359524580624013974481e-1
    1.1418103286068797186557929383753943e+0    1.5215325680964413514728669642316324e+0   -1.8546834001529348113098477304454655e+0    5.2651134217088918090498779631484973e-3   -2.7735622865178227064121670554217686e-2   -1.8584522588589773920354057234226928e-1    9.8218750106061737013871317415876419e-1
    1.1462473726452641439693530332459289e+0    1.5918271101788057644891422173647486e+0   -1.8409341103459506113981890639422062e+0    5.2724127013842661178700757041942858e-3   -2.8236484278146168631543316700109342e-2   -1.9448569400521202218418138713660670e-1    9.8049886067395358332424503579323086e-1
    1.1482894746289510282487308042757112e+0    1.6288402464493535044057139140243475e+0   -1.8334450592164680772739362853104273e+0    5.2762887964528341889550277146430528e-3   -2.8472140173385512234940003090529909e-2   -1.9897367971109151589261489479680537e-1    9.7959114533369229269145997412821795e-1
    1.1490171746505840014363199122131995e+0    1.6429875010878428752504681782324622e+0   -1.8305374556944084827080176381204881e+0    5.2777765886963351307107420189514506e-3    9.9878351923595449048900660899740525e-1   -4.8292102934155925647723878418140892e-2   -9.9676725888551792953793075326182857e-3                                         10                                          4
    1.1523579523156676480916604903047433e+0    1.7170883015765480405572391513225140e+0   -1.8149026894622551038994008905114945e+0    5.2856288539194312894090933929595155e-3    9.9924395247019051328281013246595031e-1   -3.8094119479654325107338515438147824e-2   -7.7692671997726592926225216109146710e-3
    1.1565779034936524672255290046784808e+0    1.8579570919297547648708679598997109e+0   -1.7833153202528533103487287599091605e+0    5.3008576723196807537864027833461460e-3    9.9980530860859550064308822542762501e-1   -1.9432650034316562536221963748696643e-2   -3.4230090147249385736345185371892062e-3
    1.1579745918988524540952367298062713e+0    2.0507214189637824363521348670779169e+0   -1.7361233530491614046903753080227824e+0    5.3224443256216662740131595214338433e-3    9.9998413684823850090134916089872327e-1    4.8752444725371951058791450794519266e-3    2.8210003928411486885181854606193269e-3
    1.1534639654152225725074392628766962e+0    2.2737154508710407586732669247958829e+0   -1.6756386589698781130622659818154481e+0    5.3487440925578607215873339148754308e-3    9.9943985045273704560750754559743267e-1    3.1771777215236872254915796436523462e-2    1.0513776657127781643007744391571450e-2
    1.1421477861981713534301101357276170e+0    2.5013359141553760903359481403860589e+0   -1.6068710441349870461827739004277014e+0    5.3774674023582402202615458743394922e-3    9.9810303807010878453534354992592480e-1    5.8543285401907713317301202506246154e-2    1.9052798470821905858339827648495454e-2
    1.1258029023391148449617978781649724e+0    2.7087424944904239228154244762211720e+0   -1.5371965397841664874113567286157816e+0    5.4057965369541008888730863506540677e-3    9.9616602908629109995422442889427090e-1    8.2981247675529819252049877067564837e-2    2.7701173777712221754182306302206549e-2
    1.1081472606000559199463125597428347e+0    2.8764312589500708906897816520851467e+0   -1.4751012196403958443515551415102553e+0    5.4306664625759785789802635070273954e-3    9.9401719301167047162691554396250411e-1    1.0327063582005264111855578029997445e-1    3.5566779085566807461389621520147809e-2
    1.0934330832910529346867528880617634e+0    2.9924034481120123844095766422446036e+0   -1.4285693932853837427532184403977612e+0    5.4491781657767676097747032144084437e-3    9.9215636503373250064514257339263009e-1    1.1786720514059439314567773838681425e-1    4.1630148635285740674202695070271965e-2
    1.0851308580412278100956470035296216e+0    3.0512063639638366370600974197804727e+0   -1.4036783064394230592242028084726747e+0    5.4590591716400456887165790649220987e-3    9.9107098346849809735493239945982621e-1    1.2553462870273884650576155862764817e-1    4.4937319938437218441295675986840435e-2
    1.0818638775313837797736160374615406e+0    3.0732568869527782400134886498252162e+0   -1.3940967453684161469460102279069788e+0    5.4628609854239336904217968191582051e-3    9.9067758670772774703445961657007874e-1    1.2479557205462203904645823345656106e-1    5.4625858258815580171756398182230312e-2                                         10                                          4
    1.0639733701662614514607714703722782e+0    3.1847920867134002242621979680106483e+0   -1.3433289478897603940558669541410771e+0    5.4830075401409961175033606532976150e-3    9.8824576335261417406874338084973641e-1    1.3984465153109129231784843381422917e-1    6.1755847122005781393482049263706263e-2
    1.0269219265681911904217229535823298e+0    3.3775084153549731233197688240593839e+0   -1.2443516854139990711306534105778370e+0    5.5224502258630810261044833164772711e-3    9.8265323018196000513638866634870914e-1    1.6838106105768507001511715919875353e-1    7.7720315812843033128866880336843039e-2
    9.7186105116388325355011112069074559e-1    3.5967388952756873483973853131050781e+0   -1.1044015881544402179960787806141515e+0    5.5791225041404165008566904294752924e-3    9.7237973026834680996737204943623371e-1    2.0758275075854416546073930034237639e-1    1.0671017641618457366676769791205495e-1
    9.0597340308378788175184854138920469e-1    3.7800088162890327012066329577592217e+0   -9.3713484235987089825185695186565243e-1    5.6492327871483175105769850054571929e-3    9.5537990150309467347926648720260439e-1    2.5023829343367120464616206481770359e-1    1.5693960718486900471316993446638304e-1
    8.4164791870953655942478421430638230e-1    3.8821953196604621629275745553951713e+0   -7.6160073535921687440467149346869468e-1    5.7269539994564026092463345047009411e-3    9.3320427452062880173776921606880387e-1    2.7485598438092077117027797707745602e-1    2.3148211565134338669995286738672900e-1
    7.9081103837054216622299265836989530e-1    3.8951427888120980368274161273155027e+0   -5.9836866269598986184960832200198771e-1    5.8046124402583533596795124237708874e-3    9.1767401908765787346050603065048454e-1    2.6505612972422354076502964562077885e-1    2.9600615329266470318856311917811731e-1
    7.5894610747021706239391958076232492e-1    3.8468135249420153196142610515166434e+0   -4.6480949285854285420242159422109983e-1    5.8734932299324161850254643468604971e-3    9.1304965423636101725418022266459163e-1    2.5089837260082637815485930823687686e-1    3.2154367592151223845485474694433344e-1
    7.4370000152561569668733222446602965e-1    3.7816671687164409038038600473943179e+0   -3.7204273418414986449650928205700112e-1    5.9251386628787616225777753127771159e-3    9.1250962719269500328081089304152106e-1    2.4725954700299024584136662381260542e-1    3.2586637859178543545733146096102278e-1
    7.3860985230854829933036547300664212e-1    3.7385718353680250178976491612312707e+0   -3.2501788112422427876630468088705077e-1    5.9528240487627888131157328722324042e-3    9.1258035040463749042729151196538174e-1    2.4805541011811435115317990421855044e-1    3.2506248255755868902852207150282853e-1
    7.3721970133863749975427033938499876e-1    3.7206554731239740895438137301235738e+0   -3.0740411649945474037586005108802688e-1    5.9634969794487058681227878424370580e-3    9.9881389857991059342081032322434269e-1   -3.5176552368600377521822160134209480e-2    3.3666098185848478591138853043415911e-2                                         10                                          4
    7.3510485550336738405672316404802906e-1    3.6153166601782677125175949301733827e+0   -2.1867207562334153347085988448446286e-1    6.0202353609817529987836132859576546e-3    9.9985336785194654224776496607204034e-1    1.6373739743333949510784971149767045e-2   -5.0143236769916461499786701932250463e-3
    7.5584146052167624594432067743028936e-1    3.3756602551843147507731787508529428e+0   -6.8695922940818370349911330381030125e-2    6.1320991394013574005054058574805466e-3    9.9187798864571620605922340388904663e-1    1.1385030256242438295511810298395264e-1   -5.6711235629043536062951989166844876e-2
    8.3758619150403736057528748765882948e-1    3.0181254801917664859100913831824040e+0    8.7434151657845192250459221837425148e-2    6.2942819647864207812173575752631869e-3    9.5708928347689237417225623195989655e-1    2.6760411494968317797058583886859189e-1   -1.1121214464115644460178370655873065e-1
    1.0044995125935538435948344257255353e+0    2.6639027968043095441565801528877903e+0    1.7880787270186783336378730221590814e-1    6.4966103797634320991316803979489163e-3    8.1694245128613358192645250935017189e-1    5.5622254448315343630328058077782549e-1   -1.5238606332368343012183199958219297e-1
    1.2405884738300695448551346312188843e+0    2.4697824505093010654992245691977000e+0    1.5351867519927734479494012357155433e-1    6.7222317603351861758096320495525495e-3    3.3237786211075998501491249005090055e-1    9.4193876000972809530885658760035753e-1    4.7710891524016629866066388283488829e-2
    1.4929006500040526815363841243022515e+0    2.4778921298026338154158799626081140e+0    1.8462673655231415772242177602462803e-2    6.9482967383173919291920682020499606e-3   -5.6122551951006376840702774800140408e-2    9.2880617464211573741185423411189679e-1    3.6629134457312281848828425813541491e-1
    1.7040360481233883871642918611592356e+0    2.5868466447478941244869173139366596e+0   -1.6198318173034624828447755158543323e-1    7.1488274650638042259616542069333355e-3   -1.3118698441834525356691946861127826e-1    8.8676543597901237258995492611575924e-1    4.4321218019383554481332629081840349e-1
    1.8427137730311138920352817052820463e+0    2.6795304379197169436472191426278943e+0   -3.1446639594051600282858232605930170e-1    7.2989667034035215553492656731679558e-3   -1.0075873424825957933032366322353630e-1    9.0795713221746206664116092394094116e-1    4.0676961972120128991854659470726690e-1
    1.9075258921093335448106273996221908e+0    2.7190419542761269261308541564773661e+0   -3.9688067013619984354323429009022101e-1    7.3793244352041794361348135042987930e-3   -5.3463400875278896730767267591541212e-2    9.3728258635893124422390786739957648e-1    3.4444595813445368690792149969454330e-1
    1.9191355200101910517567550958502295e+0    2.7252343846985502148407768586327405e+0   -4.1256677781411701354659506667055535e-1    7.3947821285408215301249318318213265e-3   -1.7281107642031828628142767869290856e-1    9.5630850069298724059689218528951348e-1    2.3581853906930586267446230614679647e-1                                         10                                          4
    1.9482440942246352685019114758370557e+0    2.7388676382096103876983703295893680e+0   -4.5334755191471737127320735869341696e-1    7.4354061966921740237138316664499189e-3   -1.3684620327754365868199597659528241e-1    9.7335006162099852201491092835496653e-1    1.8401840720677803773078021083099267e-1
    1.9980705223282227978093840874672779e+0    2.7525597971438453599412335130206647e+0   -5.2905676125477560788532742230699588e-1    7.5133124248491835297048947769158003e-3   -4.4247074226820743700057221867848544e-2    9.9843583687739096460669928301215704e-1    3.4177127751028994630788357482717828e-2
    2.0532754788976298403242268683022078e+0    2.7385362810317840498755244228593512e+0   -6.2668173911103570679695585643050001e-1    7.6218614443109742966399932989835106e-3    1.2438017690461692686874970778436023e-1    9.4449771533648884306610821462651005e-1   -3.0406189718103300375840331819266035e-1
    2.0954431077504260233607198208845902e+0    2.6614898303523408258803436189335351e+0   -7.2684719878083818659476086004898546e-1    7.7513411877153045782788667489058980e-3    2.6184988628060571170753017157596225e-1    6.4032672847467819035926835726395598e-1   -7.2209162705002306894141881375745567e-1
    2.1096060055002346513042109075685355e+0    2.4974189485857474339635880812013454e+0   -8.0960425393724419704011916258815746e-1    7.8895516400090707230581832431925352e-3    2.7878379586111468208890105896826899e-1    2.9937522362109976708693166726496131e-1   -9.1249880583323770414072505348101738e-1
    2.0911750912265279029610216873293337e+0    2.2551227767707658955072847086332531e+0   -8.6294159545274240413607753438699512e-1    8.0228467755100667973826333039640800e-3    2.5989900533882268617175758825283061e-1    1.0348320290066913649508675611555402e-1   -9.6007485840496289900807503604580541e-1
    2.0491438914932217893427947038684798e+0    1.9818529804951339080358323996561460e+0   -8.8743311674391971672488174064051891e-1    8.1375668713014816343860557836209350e-3    2.4319945575125489397629666565632343e-1    3.6527431499158884806422110925608692e-3   -9.6996942332723775165815077842480900e-1
    2.0027510411456331996646189888500757e+0    1.7461318532477701051728598120325250e+0   -8.9319994454255060359302554912718525e-1    8.2216412621529377547295736666152746e-3    2.3293954788269551221437181279022166e-1   -4.6184061298730518575750366522858623e-2   -9.7139394661185762746354057660782679e-1
    1.9729061810241441329213387281478144e+0    1.6104271527538254906461862142304219e+0   -8.9231632189447110240282820394272252e-1    8.2660760080401491401448737695511464e-3    2.2823247304074617913109872486421699e-1   -6.7133726492125380657814503927203617e-2   -9.7128934979077453661472707405526070e-1
    1.9647008642373203855617124566458447e+0    1.5746329462562217614637682417899887e+0   -8.9167516852430898815122585038928330e-1    8.2774179480601900921572212183354817e-3    4.4072446482219727533350498575128587e-3    1.9071504389832785216869256827579791e-2    9.9980840860382811024423309427381527e-1                                         10                                          4
    1.9301061272765904412722101649416617e+0    1.4294625514017017768343800418256433e+0   -8.8757765016974049289534604875510570e-1    8.3220480501575853926123245193479446e-3    8.0300865125253078639045702945513316e-3    3.3840781811404711822235477679842979e-2    9.9939497657182280794406497761649011e-1
    1.8538571366610747861324359625116431e+0    1.1344618835476187801707799210526809e+0   -8.7323185549133100776514330059079407e-1    8.4073534411793414185312648337614708e-3    1.4049041133050431550989363505696730e-2    5.6042330948972598111998503596271216e-2    9.9832954558354511575467227510657165e-1
    1.7267783727171387422569770579566282e+0    6.9440772664507175243519062562011961e-1   -8.4127418177421610736125397779099959e-1    8.5256094794429171460764717496486111e-3    2.0403704235782920602061000304086511e-2    7.6807548780530462300191125144190753e-2    9.9683714281911923930228822382251440e-1
    1.5458325721704548246823535343375988e+0    1.4206251188174470705823970386029822e-1   -7.9024351764000364615129796130209777e-1    8.6657864764637330859209603917212832e-3    2.5116762775657024837043225840689427e-2    9.0295417943067884974270962957159333e-2    9.9559825518436806060691000993288508e-1
    1.3217321781032450819136729135527526e+0   -4.5559152399047846084494433807046850e-1   -7.2841435967874252879574716194334981e-1    8.8144029551802961014105104593994459e-3    2.6747182689059273002823455376041970e-2    9.4351863765448318890107529876550305e-2    9.9517953858697495254979745579249763e-1
    1.0807749202312647569270789109357230e+0   -1.0143638397165300187114807345666932e+0   -6.7009462325715116494396333250775960e-1    8.9567854646943002718545350238460864e-3    2.4549635226223058322193545595586228e-2    8.9608603872953701219276193901056438e-2    9.9567445157651778268524518409978352e-1
    8.5865065820840640522096153154523666e-1   -1.4634870499912750668386030733153404e+0   -6.2692405224807517387738840944643470e-1    9.0786087342139500334348663266297034e-3    1.8885786591398988756467493253901323e-2    7.8912542014011897572285563582516491e-2    9.9670263257288075713939274186252483e-1
    6.8985405342638256937523938675599455e-1   -1.7659561145591694247795922931748029e+0   -6.0204669036580652154059800931876452e-1    9.1674796722458044079767157418863844e-3    1.1829324158749341667897806092480842e-2    6.6949339720725123288932363761290102e-2    9.9768624978041376555134855581474529e-1
    5.9928979860148240582618207459730612e-1   -1.9149633538122787256301328742661340e+0   -5.9176297584098349564631018908826901e-1    9.2143125616691197824858912674449823e-3    6.8889108139325999836995605823989167e-3    5.9072224771267024988504874132637866e-2    9.9822994102980631291202472175709513e-1
    5.6443861831834102124424678054485442e-1   -1.9698718770211874931551556452576762e+0   -5.8840077534152585072183952402003557e-1    9.2322228638291464601939895307657742e-3    2.6748390010686567162311003912929314e-2    4.1625798320445932716666458100395899e-2    9.9877515815423731614808674350840842e-1                                         10                                          4
    3.8046009318142071358864268449912489e-1   -2.2375013462205138439352695034458563e+0   -5.7637257890033554713106844619739804e-1    9.3261470059627124995583882060075734e-3    1.0984169905087900369267266548292738e-2    2.0294137830739162406991386742585440e-2    9.9973371253609484489503881003506119e-1
    3.0199134469531028753608735198798770e-2   -2.6431016815588061339901045505728417e+0   -5.8222131609282333858615460733600607e-1    9.5054434056692634129138431597740686e-3   -4.3740645440768212785215729243960806e-2   -3.2163477266719161665703028484906068e-2    9.9852504558801039752588010288032694e-1
   -4.2578605419591040104747970788449445e-1   -2.9515456918496383857162903044495198e+0   -6.5574378791404476042063434584230645e-1    9.7532300422933190544314866006723866e-3   -2.1386887122212648700086017441130982e-1   -9.5397629102657116587838371246033612e-2    9.7219308693477415865579691426198241e-1
   -8.6976295687460929447990356342945528e-1   -2.9408513322709140207098085001291996e+0   -8.2305983285299956906468836663984447e-1    1.0045254087347950140260620657239326e-2   -4.5483998799393275241970040150821417e-1    2.1298726172134245096287523631893465e-2    8.9031845402930043577399673235240686e-1
   -1.1680892557918941525802533889094380e+0   -2.5791781238842893675253575039300357e+0   -1.0322995009552160596456569369896480e+0    1.0352121345342632561921382022818404e-2   -5.0547202687842275043551283442682501e-1    1.3770651499983785704229155075983649e-1    8.5178339134431266498998673847283213e-1
   -1.2550468956808745200538718615154741e+0   -2.0598180925479878745697062408241637e+0   -1.1735081872130795386454500701590453e+0    1.0642754429267962702589444895465490e-2   -5.0542573960293906927995754675214383e-1    1.3972106213663553021397942370005404e-1    8.5148273414217417266803418745683298e-1
   -1.1750658279788708022928637635140007e+0   -1.6200252893314702773884112240441455e+0   -1.1817737941699978744269043356753539e+0    1.0888293881235493712259118829514367e-2   -5.3280494450337869896087040766051043e-1    6.9060892090219761923426870901038883e-2    8.4341536878127527173412934981976981e-1
   -1.0377290766539143712130352588645257e+0   -1.3625234770890531016021671837711771e+0   -1.0983889984495189597930235225891391e+0    1.1065347341349512103650379210462227e-2   -5.9348936320458361088119696426147137e-1   -6.6037447911977189824652832104688386e-3    8.0481474037057159639713930633704776e-1
   -9.4302738460343611130145059097235758e-1   -1.2594459552397870961508813781425056e+0   -1.0212806637468022842426777629119598e+0    1.1157887391012976180431616315583601e-2   -6.3543197029920305786284261646563476e-1   -4.2879095691670937572060542562186438e-2    7.7096536515873217907102084005362560e-1
   -9.2340584957585898473839472693775869e-1   -1.2426433361542909041929090107953922e+0   -1.0039192241569746030756987839101734e+0    1.1175517306376538979483873882561610e-2   -3.8905775004875735875529264677275021e-1    8.5275902398432615360579264950229728e-1   -3.4847684878668496034326255601682005e-1                                         10                                          4
   -8.6992761542167360125533197596482965e-1   -1.2032527413075739278630024371643478e+0   -9.5451859612893546190059246974899241e-1    1.1221591989816355965236927676618501e-2   -3.2171152608907402879093086921927201e-1    9.0313934741379494196183462231590563e-1   -2.8432554077047605962162448670079925e-1
   -7.6060947037694229229213036741927323e-1   -1.1472207508989920226038955059583932e+0   -8.4511283973619023799057944315627068e-1    1.1308924046867228698638439522683727e-2   -2.0259118191500151029421800302364965e-1    9.6633905299609876547606615104739811e-1   -1.5857379249070694575483011521668978e-1
   -5.9706558215150119861747262942866183e-1   -1.1115281477765013455132601840011879e+0   -6.6347457173372211958455091150360260e-1    1.1428422760565935356763706763602698e-2   -6.8721496019228702382752151064525989e-2    9.9763585473080397011561834939982064e-1   -2.3945859210187472838220313309686924e-4
   -3.9214976162394104519319406706566676e-1   -1.1297028827876422796951050408806629e+0   -4.1032167084705808617197960878329359e-1    1.1567768544941010282552454521132958e-2    4.2736030835193023534186708163426863e-2    9.8837317566022888266249037729277469e-1    1.4591811849036353196161181596802901e-1
   -1.7108811943838235210729013511855704e-1   -1.2120740511070434529038076966932671e+0   -1.1022605496730066965634128135195498e-1    1.1712840357922158012417757394672355e-2    1.2001121442639187171502253144949419e-1    9.5919928527604001904960159054374326e-1    2.5599617094370100872092657346300301e-1
    3.5844837832802386259119337350691377e-2   -1.3387006092938476999040485331599624e+0    1.9184361057169452793247682891265458e-1    1.1849314726480745613358779989777974e-2    1.6920321255118845645355512905618467e-1    9.2862125600611482950413163633145482e-1    3.3020120495840575277002902666601627e-1
    2.0373064100245554440348966885749060e-1   -1.4718423632167936879590017451458662e+0    4.4841282797639676599234953469937680e-1    1.1964169166215285371001493050921759e-2    1.9922080041494787499510043375623957e-1    9.0458887646697058598844392829957453e-1    3.7686872681910253373011943544760359e-1
    3.1868806765983569839663278293338290e-1   -1.5766078735161737832391723255418272e+0    6.2767345366731592243371611357866498e-1    1.2046859142066960060287533810120616e-2    2.1634897060604738700761791058864136e-1    8.8893753525747950390541973403700406e-1    4.0371175525126962499925476293520626e-1
    3.7628287753131677902444918534043547e-1   -1.6326639328371961445874501177732937e+0    7.1777643483993952302404874684447005e-1    1.2090065957658583043584545388554009e-2    2.2412305455345792286613188736148220e-1    8.8137448407587677410639991614630785e-1    4.1587002204728554174068084475145679e-1
    3.9061312935799801170604038618321589e-1   -1.6469368258668919523027223004894044e+0    7.4016045919500693025108676609280470e-1    1.2101040114422312017412877017028252e-2    8.8014147353010680163127801430214148e-1    2.5610017214107672808014939163719552e-1   -3.9970450135264073052249417139569809e-1                                         10                                          8
    4.4549025245854667520657132794838915e-1   -1.7026510905897630031312231918755938e+0    8.2553847446755920129190049606328595e-1    1.2144010055381481939230037093201703e-2    8.8071488225408266275816571797563350e-1    2.5551085639802666472184485849685118e-1   -3.9881762553694176901321213959753843e-1
    5.4343808630278440744655807190834891e-1   -1.8052763463971539726557386603321673e+0    9.7510207211571837690077924572410977e-1    1.2225207410585904458565012538965163e-2    8.7789837998293661471869863532574216e-1    2.5852067098373376302811320034100846e-1   -4.0306512761271659357520852730769652e-1
    6.6356373421868230243968638037421002e-1   -1.9323968836133823670957072232947738e+0    1.1471014010044474612654623235799926e+0    1.2335774425453429450688297169676667e-2    8.6102865718662560008529200785257424e-1    2.7675170024508749253642868390524043e-1   -4.2665928785724284392212665769533363e-1
    7.8212301350316806487369369966493546e-1   -2.0478120305436867350551553585822022e+0    1.2876744877779136307714569121311348e+0    1.2463904352765099282946210100249506e-2    7.9088433900919770261110782756123926e-1    3.4580876233015432430761768831811650e-1   -5.0489430795530987118355430176869280e-1
    8.8064233866262752194063148136547904e-1   -2.1143710717379803567561934883472481e+0    1.3512722712983253323474781258727694e+0    1.2596358580250110027189289587872156e-2    3.8216320155360234323756720700546904e-1    6.1282111626143088478677109858696364e-1   -6.9166579129113688033407879430741115e-1
    9.5119601846733530416850857369551292e-1   -2.1145404441047970501654994961815706e+0    1.3238729491703337979822303611917561e+0    1.2720059415447580212858245064749854e-2   -5.2364274244228177436777177483261346e-1    8.5057871817416795560945771590901395e-1   -4.8105326905816956967201856383728609e-2
    9.9554080675940203585148835618547744e-1   -2.0617716925221763101058863636473712e+0    1.2312779764843814410007252130416523e+0    1.2823462745740838964515879228770229e-2   -6.4984445351975312038879957902968196e-1    7.1771983500119950334342385372792482e-1    2.5016079763916724971432480114534555e-1
    1.0200018775469216214087558353964459e+0   -1.9924519031370296335881847994246730e+0    1.1249640505426660816281275662241017e+0    1.2897499798659960878411725804800164e-2   -6.6699023684357183635945440986017651e-1    6.6740799198435358487484937823563446e-1    3.3119570678191009403578590848438086e-1
    1.0305856974536893401051984836125519e+0   -1.9457759624243341794932071691264400e+0    1.0564748778710912564385285024432420e+0    1.2936046120163505768672669308372792e-2   -6.7082375176588867701601290419597316e-1    6.4994442268572572298339763549836625e-1    3.5716626588531015167522777113866817e-1
    1.0330526884348164882291346392654311e+0   -1.9327900250960397377752171644617202e+0    1.0376961925576486378454557419237785e+0    1.2945821129147706386948435459950356e-2    9.9458183210909243876500191471512899e-1   -5.9236746109086493756082655910338220e-2    8.5428257321150400032481320057788331e-2                                         10                                          4
    1.0419037637886838323173622837149529e+0   -1.8775964269963796638418694523260243e+0    9.5889206457360319027759469045049689e-1    1.2984035016892988859053207817079488e-2    9.9673223662024453061683065122456833e-1   -4.5857474994701062167112499138314843e-2    6.6497672659388875011317629656370348e-2
    1.0554401036175965962705255826767421e+0   -1.7549355086856821976914534002794438e+0    7.8792579029871355910512081316469732e-1    1.3055977301426456613394089469956822e-2    9.9870028506979275153832615313253046e-1   -2.8325081416301381688713472702526245e-2    4.2372518974856703742105339277339109e-2
    1.0683477199090326873149401171843406e+0   -1.5521033886353482657779772814659690e+0    5.1291211317094265120076410554979398e-1    1.3153363589088137254009235993684526e-2    9.9961354529947430352791331524429137e-1   -1.4426315959011353966122254458199764e-2    2.3762185540614921663926150185641755e-2
    1.0774985670869387815701277951153963e+0   -1.2733734910092089554421797642426557e+0    1.4421356595893019657224913058346509e-1    1.3265353698085905591890527988099303e-2    9.9989965453689746701624637875640200e-1   -6.0558729689871237243631467158227591e-3    1.2806531910575625661974656822090154e-2
    1.0827283516929480434754282259929946e+0   -9.5012040980107066070934768133452277e-1   -2.7493319197356467406013661012493919e-1    1.3380100198393716934491024108781289e-2    9.9997232456338767324324901480731633e-1   -1.7240503198237630338782220604557714e-3    7.2372479430773553525537587006054071e-3
    1.0851193612080129464515832187780855e+0   -6.3290438916197592109454272671130207e-1   -6.7987239511089084639732146156329751e-1    1.3486273746505658522903877992326326e-2    9.9999154858672412009427472978429206e-1    8.0425646795541670882239370582155558e-4    4.0318639187260933035637720015200193e-3
    1.0854872565957734784438614501475131e+0   -3.6996976781518375019551807138841647e-1   -1.0113819405209368626665963774472162e+0    1.3574252235363722041605718689663546e-2    9.9999433484058564661293884270806548e-1    3.2085135189206726950098476051901549e-3    1.0177070961621846652840861670760745e-3
    1.0845687127576167210084161639659880e+0   -1.8984466270109594286669698707312495e-1   -1.2362602076630940441508297618645300e+0    1.3636791162927066947869738382121980e-2    9.9997971762705920081554815564759084e-1    5.9190796515995885462961774854083585e-3   -2.3513465471865164249708228819950210e-3
    1.0835605929838049424266381160834287e+0   -1.0043401591430107295484569927080698e-1   -1.3471236486962187708819719682828865e+0    1.3669195676824178658011097542587201e-2    9.9995658732898688238426880356984254e-1    7.9489527606112473595625855386102402e-3   -4.8618522577101793198697739769824403e-3
    1.0833195150091157672747289153825831e+0   -8.3836257844509843515715527432696340e-2   -1.3676414141216516820779630897834606e+0    1.3675347849445220756560364079728846e-2    9.9995489322295259384117831092318770e-1    5.9753441176814532754173139109401881e-3   -7.3828708609027130880545693965649127e-3                                         10                                          8
    1.0826078105561085592667250488397890e+0   -4.1172413443821657188832189300208769e-2   -1.4202844570527112530145581793000762e+0    1.3691394658778579178193335218954248e-2    9.9993314725982897513517141177072051e-1    7.2765659567682360415725155551341978e-3   -8.9862449849746985799183064439117285e-3
    1.0809025842145511847687516397398867e+0    3.6656737827898172255547302641622346e-2   -1.5159247208598508901065682312621609e+0    1.3721687728198932880529450632563552e-2    9.9986636947378467478664261841177631e-1    1.0301854502329434231692312063116548e-2   -1.2693107938009059841882023395371325e-2
    1.0776880178207491893363471212829633e+0    1.3598865406717552460477888780819566e-1   -1.6371101182321009315473676871212637e+0    1.3762886078974581248678448092588912e-2    9.9967788876366623616143681383941737e-1    1.6043918576866776633639610750241898e-2   -1.9664978863904846720128429715944330e-2
    1.0723699994323088847714999845668666e+0    2.3997322281089713642219613819606488e-1   -1.7625583333831790280401636180437318e+0    1.3810574348002167016544981451675494e-2    9.9913885629679877331687031010174969e-1    2.6372009763219691701597918376681189e-2   -3.2032217203520825031868362848406109e-2
    1.0646070823889058898476269116263160e+0    3.3291552788663849118118773030703904e-1   -1.8728030544230401326876219517385558e+0    1.3859839802486986540603037783382778e-2    9.9758520124805477630730189209789671e-1    4.4518947025377854666753186535446844e-2   -5.3308813592403755923595740839678744e-2
    1.0547603017019977318324552831340472e+0    4.0449038997567723819964776670896883e-1   -1.9555480641321664239956235640486694e+0    1.3905849567588726307942375134987669e-2    9.9319606313136440577196611260071708e-1    7.5592731529948010706844707623786099e-2   -8.8585095361465935519080128604600656e-2
    1.0441956252484705419985548464472173e+0    4.5177671313612786199623173766521072e-1   -2.0081278610164791980411304659860664e+0    1.3944332301284191714721748865630613e-2    9.8175570701014750554550439374308565e-1    1.2564056519188137328634532568152942e-1   -1.4272413997383208858299292123900764e-1
    1.0351129493514619903277445878482030e+0    4.7804493951949462484413712577600214e-1   -2.0357646229516804887156275012427162e+0    1.3971910074144279873312055038346818e-2    9.5808602365915659552116959983770450e-1    1.9331922163527389534460948711600797e-1   -2.1142102500772688702170255314156438e-1
    1.0298282453934884090317803772630723e+0    4.8908329261933274945827290984680751e-1   -2.0466786821048333754204871308663241e+0    1.3986278898163913152754053849848698e-2    9.3100142188317562229508364363811532e-1    2.5005758657897349920277991587775082e-1   -2.6590892396797143229378836241320736e-1
    1.0284240667299170277589457579107080e+0    4.9158755220603914132028219027401591e-1   -2.0490581190141162079366151250521851e+0    1.3989924076531381498734427515906684e-2    9.2121070065363396764844974266673621e-1    2.8332276032673386040961816538561544e-1   -2.6664406702959079991325106873351434e-1                                         10                                          8
    1.0226761146524568184327606703557910e+0    5.0021122758382324089926252009370057e-1   -2.0568255896681107924351573309876933e+0    1.4004180199227451399262758170623418e-2    8.6085154885716217112552367471600250e-1    3.7456045501460757010395111897942790e-1   -3.4444023628123801160081111994800883e-1
    1.0106761568445277239832245164765304e+0    5.1128239403336331935751193396688534e-1   -2.0646585224672967652941662529073814e+0    1.4031047769399617564544970613358228e-2    5.3462645619960838285642558009489475e-1    6.8106817218364257127691465446198001e-1   -5.0032059438911808066037668474906963e-1
    9.9174898765897472236144739648962870e-1    5.1509445978071180798463639247129076e-1   -2.0605816394007087314846395529865561e+0    1.4067490154927915062031275351055822e-2   -2.1883626468584540341444963642897354e-1    9.6561466123727940013894394711389163e-1   -1.4035318044832741120591522173228037e-1
    9.6569938351716475666683223880919624e-1    5.0281107113726664353418021197486724e-1   -2.0340245953805719878522763018411929e+0    1.4109527375382872397002629856850607e-2   -4.5841736665085754573947443871377374e-1    8.7619528173190593003767104159402392e-1    1.4877952219186360343263737538575103e-1
    9.3361799280267261820164127040481126e-1    4.7082949367166880074997513013442827e-1   -1.9814028071681572464215479293586535e+0    1.4152782202310257040494129364074997e-2   -5.1532206059418702799947904545116348e-1    8.1980393845275686947729971198978461e-1    2.4972920606590943900567618530726041e-1
    8.9844850389482916539866171557099705e-1    4.2302212010467903257164301000415400e-1   -1.9088937094707554687645488372116257e+0    1.4193011395350967320046998902647517e-2   -5.3525634275264878245108505282321067e-1    7.9240934881901147473442582763147678e-1    2.9255439057940860982864217542417609e-1
    8.6486886074345767810280851316637487e-1    3.6973233295790130779542764027854117e-1   -1.8309716284764160622746853395692694e+0    1.4226528610403363998629098857501416e-2   -5.4391010369687578787874534493526978e-1    7.7855401346790682585634524481295596e-1    3.1307418802812247205583728492601182e-1
    8.3834400139238064888222151517889912e-1    3.2416547336649554610286182263901408e-1   -1.7655825515652943352749186398964013e+0    1.4250471355352797109379038933378388e-2   -5.4793568060509010688358943395082410e-1    7.7160185397022191347376934204556072e-1    3.2310535258573637381477296677217118e-1
    8.2368258245582639190618038473374277e-1    2.9801565571008596359458172076019590e-1   -1.7284063142033657649122605071367681e+0    1.4262920009265980557399963195792273e-2   -5.4956912866799683971217199615317709e-1    7.6868126730422007800452616522038966e-1    3.2726576678699056230099536666213858e-1
    8.1409160694126537937366366124758254e-1    2.8060715890414899303553513415080186e-1   -1.7037709772175012160302973426312508e+0    1.4270796182864264612837747081629865e-2    9.5343317821904105761240205697203347e-1   -1.7425098327927318144864327610333703e-1    2.4617426652139079897267787407633942e-1                                         10                                          8
    7.4935785616377926259625909666856325e-1    1.5862776845288086297373634092183377e-1   -1.5330634288276278338877225205141556e+0    1.4319381720485661745892324244233168e-2    9.5704197877255265653506408144885631e-1   -1.6743882475783012118867509077672576e-1    2.3671690018001149303300392643527451e-1
    6.0630799303855168029744105426243694e-1   -1.2337905089866362616066732918578431e-1   -1.1465169849876873944236089900441876e+0    1.4407486686083720441149588797544701e-2    9.5824908217668965357514298699041135e-1   -1.6505524619521784138851693843981981e-1    2.3348546466743471692675223469309445e-1
    3.7648779591040163493967707444389726e-1   -5.7609796938591616199597367056183325e-1   -5.4217479258358555492448844890504406e-1    1.4519333455500855852665857928391005e-2    9.5432633400175021939152022050985965e-1   -1.7283243743994109647951000383671521e-1    2.4370103979948204195808775037057804e-1
    8.9171306884153720360058429567056826e-2   -1.1165735778493633059495306257014532e+0    1.4899106752090255653543066708225957e-1    1.4636526443871525431548964095455299e-2    9.4536485192542104141930309835038636e-1   -1.9000485953944568351245368533029746e-1    2.6492159235408174806696576789766905e-1
   -1.7689331560053980918717605844223334e-1   -1.5958381296826595905664217593015347e+0    7.0677517408651228961474423466872452e-1    1.4742679298361209351487890863804395e-2    9.3393907431170123691849140094115344e-1   -2.1170901236965349261506276029918919e-1    2.8798801981205485418887536523437330e-1
   -3.3997055202180100876911037437012080e-1   -1.9110883375211256348976612313564487e+0    9.9332196473086071605044638327414718e-1    1.4827041594298709938857198463116444e-2    9.3356699941896044083101082453312019e-1   -2.1256775530975086132147497751332310e-1    2.8856127078742323911833173889988361e-1
   -3.8160941637981624265659570568963774e-1   -2.0662913103948881277286593361344464e+0    1.0481116227132085480885897767836251e+0    1.4885848327768920950112340125578951e-2    9.4249580895298296096368960345722508e-1   -4.9121333478570334412586456258451353e-3    3.3418186822751936123169001109657398e-1
   -3.5212694727903729879559114518822405e-1   -2.1245946232805123203534669447188145e+0    1.0030383014215704351767626531597987e+0    1.4921013453167692076940701057324304e-2    8.2382369951555642145448668473475699e-1    1.1066823811289535746382877358624733e-1    5.5593799401506072798808284840015505e-1
   -3.1792459210068644896950685579332789e-1   -2.1410797929168864127792120007219043e+0    9.6031250639600090068556388416281692e-1    1.4936930418513586583168245822326856e-2    7.7259794080498195115361454834970811e-1    1.2791141952687560223882299922745641e-1    6.2187707034310344625028937197628364e-1
