# made by run_mutual_drag_tori.m
# major radii 1 minor radii eps. torus 1 at origin, facing (0,0,1), velocity U1=(0,0,0)
# torus 2 at (delta+2(1+eps),0,0), xtwist=1.0471975511966, U2=(0.8,-0.5,1)
#	eps		delta		F1x		F1y		F1z
          0.0001            0.01  -0.85305535664   0.56710643868   -1.1291616593
          0.0001    0.0177827941  -0.85055435323   0.55924755534   -1.1137718317
          0.0001  0.031622776602  -0.84629549571   0.54711651093   -1.0898930679
          0.0001  0.056234132519  -0.83856912046   0.52867448068   -1.0534054508
          0.0001             0.1  -0.82404711951   0.50156753439  -0.99951680243
          0.0001     0.177827941  -0.79697207268   0.46374886099  -0.92406165457
          0.0001   0.31622776602  -0.74938694875   0.41435988268  -0.82540781646
          0.0001   0.56234132519  -0.67406883257   0.35443487117  -0.70591075656
          0.0001               1  -0.57014029642   0.28729814088  -0.57239018615
          0.0001      1.77827941  -0.44745280422   0.21863742177   -0.4359723629
          0.0001    3.1622776602  -0.32426487257   0.15545516045   -0.3102855219
          0.0001    5.6234132519  -0.21818984773   0.10354852753  -0.20682698566
          0.0001              10  -0.13816482142  0.065264189115  -0.13040786965
  0.000177827941            0.01  -0.95321743863   0.63371346538   -1.2611798724
  0.000177827941    0.0177827941  -0.95009236515   0.62436996596   -1.2429391688
  0.000177827941  0.031622776602  -0.94495492143   0.61017575424   -1.2150726931
  0.000177827941  0.056234132519  -0.93585261541   0.58887435046   -1.1730167826
  0.000177827941             0.1   -0.9190143129   0.55790139677    -1.111537662
  0.000177827941     0.177827941  -0.88797865641   0.51508725517   -1.0261989016
  0.000177827941   0.31622776602  -0.83393403554   0.45960804572  -0.91543505452
  0.000177827941   0.56234132519   -0.7490647933    0.3927006894    -0.782042718
  0.000177827941               1    -0.632719247   0.31805605767  -0.63360677399
  0.000177827941      1.77827941  -0.49603720553   0.24191533408  -0.48234149147
  0.000177827941    3.1622776602  -0.35922495492   0.17195260913  -0.34317972931
  0.000177827941    5.6234132519  -0.24162290562   0.11451922513   -0.2287167025
  0.000177827941              10  -0.15297686367  0.072173673241  -0.14419947753
0.00031622776602            0.01   -1.0733053132   0.71349020568   -1.4191347501
0.00031622776602    0.0177827941   -1.0692316061   0.70215417112   -1.3970797757
0.00031622776602  0.031622776602   -1.0628457414   0.68526798788   -1.3640266471
0.00031622776602  0.056234132519   -1.0518891041   0.66032477481   -1.3148992699
0.00031622776602             0.1   -1.0320466982    0.6245293089   -1.2439740044
0.00031622776602     0.177827941  -0.99601353122   0.57559609542   -1.1465480599
0.00031622776602   0.31622776602  -0.93398722448   0.51277288873   -1.0211935723
0.00031622776602   0.56234132519  -0.83751682571   0.43755067671   -0.8712597842
0.00031622776602               1   -0.7062987665   0.35404388686  -0.70522084204
0.00031622776602      1.77827941  -0.55302821869   0.26912177896  -0.53652741814
0.00031622776602    3.1622776602   -0.4001739488   0.19122275126  -0.38159615376
0.00031622776602    5.6234132519  -0.26904919452   0.12733015323  -0.25427403923
0.00031622776602              10  -0.17030724048  0.080241307365  -0.16030016473
0.00056234132519            0.01   -1.2195488297   0.81034758162   -1.6106698924
0.00056234132519    0.0177827941   -1.2139324606    0.7962589792   -1.5833611499
0.00056234132519  0.031622776602   -1.2056722585   0.77576880742     -1.54338618
0.00056234132519  0.056234132519   -1.1921084238   0.74608366425   -1.4850791672
0.00056234132519             0.1   -1.1682437296   0.70415928705   -1.4021794899
0.00056234132519     0.177827941    -1.125749351   0.64761257926    -1.289741224
0.00056234132519   0.31622776602   -1.0536700188    0.5758168925   -1.1465777117
0.00056234132519   0.56234132519   -0.9428900166    0.4905826821  -0.97673373421
0.00056234132519               1  -0.79363208768    0.3965130566  -0.78971734755
0.00056234132519      1.77827941  -0.62048649085   0.30118928862  -0.60038335187
0.00056234132519    3.1622776602  -0.44856189822   0.21392134542  -0.42683919497
0.00056234132519    5.6234132519  -0.30142996865   0.14241607548   -0.2843643995
0.00056234132519              10  -0.19076092126  0.089740753258  -0.17925486279
           0.001            0.01   -1.4012111148   0.92976674359   -1.8464787353
           0.001    0.0177827941   -1.3928839916   0.91176691576    -1.811722912
           0.001  0.031622776602   -1.3816172907    0.8863192157   -1.7622548501
           0.001  0.056234132519   -1.3641907937   0.85030958223    -1.691742094
           0.001             0.1   -1.3347238339   0.80043469889   -1.5933508596
           0.001     0.177827941   -1.2836246334   0.73425084387    -1.461946952
           0.001   0.31622776602   -1.1985920546   0.65133473178    -1.296734471
           0.001   0.56234132519   -1.0698431466   0.55389820365   -1.1026348013
           0.001               1  -0.89838626763   0.44710475861  -0.89035414077
           0.001      1.77827941  -0.70113988884   0.33933960792  -0.67633642348
           0.001    3.1622776602  -0.50630254901   0.24090765592  -0.48061746352
           0.001    5.6234132519  -0.34003264415    0.1603470711  -0.32012214213
           0.001              10  -0.21513557911   0.10103112815  -0.20177842165
   0.00177827941            0.01   -1.6321377531    1.0793245092   -2.1413267354
   0.00177827941    0.0177827941    -1.619358166    1.0558185314   -2.0961126287
   0.00177827941  0.031622776602   -1.6028846593    1.0233760166   -2.0332829948
   0.00177827941  0.056234132519   -1.5793610543   0.97872349352   -1.9461375954
   0.00177827941             0.1    -1.541702222   0.91831151232   -1.8272700421
   0.00177827941     0.177827941   -1.4787206022   0.83970469661   -1.6714679568
   0.00177827941   0.31622776602   -1.3765374597   0.74279384208   -1.4785394258
   0.00177827941   0.56234132519     -1.22474849   0.63029204483   -1.2545070453
   0.00177827941               1   -1.0255221176   0.50799692718   -1.0114529085
   0.00177827941      1.77827941  -0.79865381237   0.38519380182  -0.76760578031
   0.00177827941    3.1622776602  -0.57595971867   0.27332296263   -0.5451994284
   0.00177827941    5.6234132519  -0.38655414711    0.1818814292  -0.36305552253
   0.00177827941              10  -0.24449968702   0.11459077179  -0.22882263283
 0.0031622776602            0.01   -1.9397411875    1.2705029989   -2.5176094928
 0.0031622776602    0.0177827941   -1.9148851971    1.2384356367   -2.4561090907
 0.0031622776602  0.031622776602    -1.888563679    1.1959422209   -2.3741055177
 0.0031622776602  0.056234132519   -1.8546772078    1.1392300812   -2.2638027387
 0.0031622776602             0.1   -1.8043135136    1.0645694225    -2.117312465
 0.0031622776602     0.177827941   -1.7241839476    0.9696606231   -1.9295572712
 0.0031622776602   0.31622776602   -1.5985415818   0.85486590556   -1.7012523662
 0.0031622776602   0.56234132519    -1.416481597   0.72351698634   -1.4397918367
 0.0031622776602               1   -1.1818609923   0.58211229141   -1.1588106688
 0.0031622776602      1.77827941  -0.91803173234   0.44093039301  -0.87851554075
 0.0031622776602    3.1622776602  -0.66102392913   0.31270483724  -0.62363977514
 0.0031622776602    5.6234132519  -0.44330500517    0.2080434965  -0.41520101376
 0.0031622776602              10  -0.28030974036   0.13106735419   -0.2616756095
 0.0056234132519            0.01    -2.396276455    1.5199052767   -3.0076492675
 0.0056234132519    0.0177827941   -2.3198871763    1.4737165779   -2.9193146442
 0.0056234132519  0.031622776602   -2.2703816125    1.4163484227    -2.808928293
 0.0056234132519  0.056234132519   -2.2172655775    1.3426197916   -2.6659723565
 0.0056234132519             0.1   -2.1458018592    1.2484246756   -2.4816688074
 0.0056234132519     0.177827941   -2.0395928246    1.1318176175   -2.2514497051
 0.0056234132519   0.31622776602   -1.8806031313   0.99386214054   -1.9773786798
 0.0056234132519   0.56234132519   -1.6576352553    0.8386441497   -1.6685400315
 0.0056234132519               1   -1.3769394451   0.67341043847   -1.3402767698
 0.0056234132519      1.77827941   -1.0662165452   0.50951319821   -1.0149451413
 0.0056234132519    3.1622776602  -0.76633009416   0.36115536475  -0.72011223151
 0.0056234132519    5.6234132519   -0.5134898897   0.24024019912  -0.47935404472
 0.0056234132519              10  -0.32459043543   0.15135377586  -0.30211217236
            0.01            0.01   -3.6303170172    1.8500850258   -3.6562763345
            0.01    0.0177827941   -2.9609520282    1.7824067944   -3.5265866877
            0.01  0.031622776602   -2.8102922935    1.7011682486   -3.3705133502
            0.01  0.056234132519   -2.7127118613    1.6029713806   -3.1805019554
            0.01             0.1   -2.6032470494    1.4820101735   -2.9443542159
            0.01     0.177827941    -2.454947464    1.3364058505   -2.6574084053
            0.01   0.31622776602   -2.2464240015    1.1682394292   -2.3236740241
            0.01   0.56234132519   -1.9663910733   0.98252527212   -1.9543247541
            0.01               1   -1.6243045468   0.78728785717   -1.5665418891
            0.01      1.77827941    -1.253003392   0.59501834453   -1.1849745885
            0.01    3.1622776602  -0.89869948454   0.42159106987  -0.84040323521
            0.01    5.6234132519  -0.60164527183   0.28043852425  -0.55941993612
            0.01              10   -0.3802193095   0.17670576662  -0.35262654801
    0.0177827941            0.01   -4.1461395382      2.24302757   -4.4332286739
    0.0177827941    0.0177827941   -3.8490416446    2.1672467303   -4.2864344476
    0.0177827941  0.031622776602   -3.6148664217    2.0656345706   -4.0901563952
    0.0177827941  0.056234132519    -3.423749109    1.9365794759   -3.8401913472
    0.0177827941             0.1   -3.2381177709    1.7799757494   -3.5346368191
    0.0177827941     0.177827941    -3.017321763    1.5962957672   -3.1730196753
    0.0177827941   0.31622776602   -2.7317135917    1.3890008784   -2.7619533898
    0.0177827941   0.56234132519   -2.3693599625    1.1643060911   -2.3152544343
    0.0177827941               1   -1.9434663568    0.9310963533   -1.8521576063
    0.0177827941      1.77827941   -1.4924361336     0.703096746   -1.3997943951
    0.0177827941    3.1622776602   -1.0679458456   0.49811665075  -0.99264830539
    0.0177827941    5.6234132519  -0.71434146741   0.33144091016  -0.66095726953
    0.0177827941              10  -0.45139157343   0.20892880864  -0.41680155418
  0.031622776602            0.01   -5.3021237668    2.7158094136   -5.3735857246
  0.031622776602    0.0177827941   -5.0742178096    2.6312383289   -5.2085134836
  0.031622776602  0.031622776602   -4.7930383337    2.5119005552   -4.9759588496
  0.031622776602  0.056234132519   -4.4813504243    2.3534779306   -4.6671729359
  0.031622776602             0.1   -4.1548750079    2.1562262486   -4.2811733006
  0.031622776602     0.177827941    -3.801561521    1.9256813236   -3.8268312403
  0.031622776602   0.31622776602    -3.390484956    1.6694757091   -3.3187152783
  0.031622776602   0.56234132519    -2.905662205    1.3957875164   -2.7746863342
  0.031622776602               1    -2.362772859     1.114739633   -2.2167024677
  0.031622776602      1.77827941   -1.8049562037   0.84160858384    -1.674947305
  0.031622776602    3.1622776602   -1.2884931233   0.59658645167   -1.1884336661
  0.031622776602    5.6234132519   -0.8613514501   0.39732185934  -0.79203646497
  0.031622776602              10  -0.54441310199   0.25068448074  -0.49991193887
  0.056234132519            0.01   -4.3017767281    3.3070711554   -6.6085611428
  0.056234132519    0.0177827941   -4.1902051046    3.2453963412   -6.4736133807
  0.056234132519  0.031622776602   -3.9250430256    3.1323342784   -6.2328344467
  0.056234132519  0.056234132519   -2.8645487984    2.9333488049   -5.8321949555
  0.056234132519             0.1   -7.6634469191     2.652757282   -5.2759564468
  0.056234132519     0.177827941   -5.0418087857    2.3431168496   -4.6593208983
  0.056234132519   0.31622776602   -4.3098416344    2.0240813928   -4.0232008108
  0.056234132519   0.56234132519   -3.6323064068    1.6911706634   -3.3607416008
  0.056234132519               1   -2.9234850473    1.3512010627   -2.6857907504
  0.056234132519      1.77827941   -2.2207719617    1.0214589822   -2.0319442177
  0.056234132519    3.1622776602   -1.5821029754   0.72545768049   -1.4444569359
  0.056234132519    5.6234132519   -1.0577174968    0.4841422598  -0.96463618905
  0.056234132519              10   -0.6691455893    0.3060136381  -0.60994987216
             0.1            0.01   -8.6082665188    3.7676570371    -7.497425351
             0.1    0.0177827941   -8.4453338679    3.6866126472   -7.3360188043
             0.1  0.031622776602   -8.1800127322    3.5604513839   -7.0846096947
             0.1  0.056234132519   -7.7718561567    3.3767576773   -6.7182523263
             0.1             0.1   -7.1919722594    3.1291932297   -6.2241382892
             0.1     0.177827941   -6.4432938834    2.8200868331   -5.6070898872
             0.1   0.31622776602   -5.5678463237    2.4599227203    -4.888570781
             0.1   0.56234132519   -4.6297948161    2.0655089836   -4.1030842033
             0.1               1   -3.6862192102    1.6568520424   -3.2915698881
             0.1      1.77827941   -2.7858202295    1.2577391712   -2.5004040467
             0.1    3.1622776602   -1.9830895514   0.89716790036   -1.7851632001
             0.1    5.6234132519   -1.3278895644    0.6011977457   -1.1970553933
             0.1              10  -0.84198187446   0.38129386588  -0.75948452304
